4.363465393453225e-14
1.9668721051857573e-13
4.665258074965095e-13
4.763152446685126e-13
8.681476174388081e-13
1.573083864059299e-12
2.890060750360135e-12
9.637712992116576e-14
1.834999238781165e-12
2.767429032246582e-12
1.5796167645021342e-12
3.070072125410661e-12
2.226067044830415e-12
3.490121343929786e-13
3.4379077987978232e-12
3.4228705771965905e-12
3.3788899600040168e-12
3.3615364372963086e-12
2.474204848113004e-12
3.5630786442197857e-12
2.438522278680466e-12
5.529079317057039e-13
2.042363121290691e-12
1.3909473636886104e-12
1.7937340089702046e-12
7.940835530462209e-13
2.517886605346575e-12
3.279137672507204e-14
1.2719930964522063e-12
5.0306291086599225e-12
1.8901516450569034e-10
3.470950201153755e-9
2.6611307263374328e-8
7.742121219635009e-8
9.671721458435059e-8
9.735814929008483e-8
9.754518270492553e-8
9.855434298515319e-8
9.851970672607421e-8
9.714281558990478e-8
9.881295561790465e-8
1.0144778490066528e-7
1.0068707466125488e-7
9.855541586875915e-8
9.913702011108398e-8
1.0235363245010376e-7
1.0192172527313232e-7
9.982476234436035e-8
9.759237766265869e-8
9.957426190376282e-8
1.0113726854324341e-7
9.796794652938843e-8
9.890651702880859e-8
9.9021577835083e-8
9.5498389005661e-8
9.980233907699585e-8
1.0119144916534423e-7
9.718763828277587e-8
9.734609127044677e-8
1.0060800313949584e-7
1.0289504528045654e-7
1.0179078578948974e-7
9.994874596595764e-8
1.012139320373535e-7
1.0184286832809447e-7
9.429453611373901e-8
5.406524538993835e-8
1.0942260175943374e-8
9.523029439151287e-10
3.196301113348454e-11
8.12550206319429e-13
1.2847608559241051e-12
3.6004323192173612e-12
1.1176941370649729e-12
2.2900323529029264e-12
2.7280198992229998e-12
3.0726769182365388e-12
3.2200980058405547e-12
3.3324206015095113e-12
8.440199053438845e-13
4.4844796320830935e-13
1.0687527719710488e-12
1.9638137018773704e-12
1.3755014151684008e-12
2.246400799776893e-12
1.7633259631111286e-12
5.3034068514534736e-14
4.641621217160718e-13
9.841461178439204e-13
2.1900586943957024e-12
1.2627172509382944e-12
2.3568667529616503e-12
2.460515315760858e-12
7.972803359734825e-13
3.926454883185215e-12
1.4565132005373015e-12
2.7979536753264257e-12
3.261583333369344e-12
1.5456002074643037e-12
3.215906644982169e-13
1.297228322982846e-13
6.423829290724824e-14
2.807360260703717e-13
3.9633359847357495e-13
6.302492238319246e-13
1.0300012945663184e-12
1.8216633179690686e-12
1.3643885722558479e-12
1.4462759281741455e-12
1.4266288417275063e-12
2.0341180061222984e-12
2.4971050152089446e-12
2.3429416614817454e-12
1.972540667338762e-12
2.030430914601311e-12
2.4510898583685048e-12
3.4227727155666795e-12
3.377068060217425e-12
3.246717096772045e-12
3.3341439120704307e-12
2.8322887374088166e-12
1.9706345483427867e-12
1.6575588233536109e-12
1.330582017544657e-12
1.7248408767045475e-12
1.2738905752485151e-12
1.7397971532773226e-12
1.0498371011635754e-12
1.2525107194960582e-12
2.2007439838489517e-12
6.992199923843145e-11
1.4319709502160549e-9
1.1954957246780395e-8
3.656561076641083e-8
7.167102694511413e-8
8.829580545425414e-8
9.293164014816284e-8
9.42209780216217e-8
9.561082124710083e-8
9.5614755153656e-8
9.436032772064208e-8
9.705050587654113e-8
1.0122075080871582e-7
1.0071983337402343e-7
9.784322381019592e-8
9.872705340385437e-8
1.0352944135665893e-7
1.0331203937530517e-7
9.961655735969543e-8
9.63493525981903e-8
9.829750657081604e-8
9.993301630020141e-8
9.684246182441711e-8
9.683024287223815e-8
9.619458913803101e-8
9.291253089904785e-8
9.762005805969238e-8
9.958219528198242e-8
9.539698958396911e-8
9.516701698303223e-8
9.98305857181549e-8
1.0465588569641113e-7
1.0381029844284057e-7
1.0135518312454223e-7
1.024627685546875e-7
1.0095491409301757e-7
9.026682376861571e-8
5.8088684082031247e-8
2.5174778699874877e-8
4.590325430035591e-9
3.6667326930910347e-10
1.1861590610351413e-11
1.938239438459277e-12
1.9585693735280073e-12
2.3386992324958555e-12
2.040901563304942e-12
2.679661520232912e-12
2.9657225240953264e-12
3.159523839713074e-12
2.4758410290814936e-12
1.6097703337436542e-12
7.679383088543545e-13
1.0770652806968428e-12
1.4349741832120343e-12
1.8315869965590536e-12
1.7494743588031268e-12
1.500759935879614e-12
8.631526725366711e-13
4.3807513065985404e-13
1.1075851034547668e-12
1.444415647711139e-12
1.937847991939634e-12
1.93444993783487e-12
1.940847323567141e-12
2.2364463802659882e-12
1.879017327155452e-12
2.807989039865788e-12
2.251892510685138e-12
2.676221993169747e-12
2.162876262445934e-12
8.436970347247552e-13
1.9512865492288254e-13
9.261361810786184e-14
2.7934584068134425e-13
4.727996838482795e-13
7.284905223059467e-13
1.2192640497232787e-12
1.3450968253891915e-12
1.4283270502346567e-12
1.3059281627647578e-12
1.5293815522454678e-12
1.908499325509183e-12
2.2891268599778413e-12
2.3922759282868353e-12
2.1790739992866292e-12
2.1416335584945044e-12
2.747416692727711e-12
3.0902483558747917e-12
3.3358501241309565e-12
3.5534954804461446e-12
3.2586187444394453e-12
2.6749401513370684e-12
2.0783250874956138e-12
1.5771216567372902e-12
1.5583565982524304e-12
1.419151885784231e-12
1.5696925402153282e-12
1.3277176549308933e-12
1.3306374057719948e-12
1.5177985915215686e-12
2.617429126985371e-11
5.468183197081089e-10
5.065470561385155e-9
1.8495841324329377e-8
4.101682305335998e-8
6.787315607070922e-8
8.279241919517517e-8
8.861313462257385e-8
9.058730006217956e-8
9.272372722625732e-8
9.286582469940186e-8
9.186725616455077e-8
9.538795948028564e-8
1.0068538188934326e-7
1.0046381950378417e-7
9.732231497764587e-8
9.8548823595047e-8
1.0440235137939453e-7
1.0423413515090942e-7
9.945262670516968e-8
9.545109868049621e-8
9.719222784042358e-8
9.87008810043335e-8
9.560913443565368e-8
9.484625458717345e-8
9.371058344841002e-8
9.058025479316711e-8
9.542969465255736e-8
9.784100651741028e-8
9.360126852989196e-8
9.332609176635742e-8
9.906639456748962e-8
1.0577521324157714e-7
1.0533322095870971e-7
1.0270041227340697e-7
1.0342859029769897e-7
1.0076135396957397e-7
8.887987732887268e-8
6.155478954315186e-8
3.209600746631622e-8
1.1284728348255157e-8
1.8132377415895461e-9
1.3451062841340898e-10
5.339581912267022e-12
2.073378345812671e-12
2.0947412849636748e-12
2.3596701794303954e-12
2.5437455406063235e-12
2.8951781132491303e-12
2.8309037588769567e-12
2.4141561880242076e-12
1.6440695617347956e-12
1.156157213699771e-12
1.0495933565835003e-12
1.396589505020529e-12
1.6323385352734475e-12
1.7020995073835364e-12
1.4406727132154629e-12
1.0059497071779333e-12
7.902658580860588e-13
9.303539627580903e-13
1.444609461032087e-12
1.7303053027717395e-12
1.9393090042285622e-12
1.9708915715455076e-12
1.9854194761137477e-12
2.153945933969226e-12
2.177028727601282e-12
2.6127801902475767e-12
2.376608972554095e-12
2.189945371355861e-12
1.3183509508962743e-12
4.167672614130424e-13
1.0571224038358195e-13
3.2383568395744075e-13
5.394736490416107e-13
8.584674105804879e-13
1.0961812222376465e-12
1.276854072784772e-12
1.2687750313489231e-12
1.311349569732556e-12
1.4807244042458477e-12
1.8450820789439604e-12
2.1888559786020777e-12
2.392297210462857e-12
2.3001217414275742e-12
2.347212648601271e-12
2.7676896934281103e-12
3.0704592063557357e-12
3.3214855648111552e-12
3.6077661206945777e-12
3.2686170015949756e-12
2.6501318643568084e-12
2.0327170204836873e-12
1.673497536103241e-12
1.4860116607451345e-12
1.5050464753585401e-12
1.4147405636322219e-12
1.3937953553977422e-12
1.3905533705838024e-12
1.0406083310954272e-11
2.0697030704468488e-10
2.031152695417404e-9
8.73679369688034e-9
2.32361376285553e-8
4.354244172573089e-8
6.535233259201049e-8
7.8694349527359e-8
8.454331755638122e-8
8.702424764633178e-8
8.986731767654419e-8
9.021314382553101e-8
8.958881497383117e-8
9.37875211238861e-8
9.994233846664429e-8
1.0002347230911255e-7
9.690433144569397e-8
9.847208261489867e-8
1.0504791736602782e-7
1.0485442876815795e-7
9.931904673576355e-8
9.476278424263e-8
9.621118307113648e-8
9.74879801273346e-8
9.433086514472961e-8
9.296165108680725e-8
9.148588180541992e-8
8.843668103218079e-8
9.327084422111511e-8
9.60446000099182e-8
9.181751608848571e-8
9.17011022567749e-8
9.82801079750061e-8
1.0644698143005371e-7
1.0644918680191039e-7
1.0391768217086791e-7
1.0428930521011352e-7
1.01058030128479e-7
8.878358602523804e-8
6.449413299560546e-8
3.769239783287048e-8
1.6383908689022065e-8
4.7579623758792875e-9
6.877089384943246e-10
4.861861234530806e-11
3.163918518112041e-12
2.163652970921248e-12
2.3330158001044765e-12
2.5849407393252476e-12
2.7191388653591274e-12
2.681053592823446e-12
2.2885775251779704e-12
1.7495161955594083e-12
1.2860059541708324e-12
1.1771668141591362e-12
1.3173972547519951e-12
1.5405039448523894e-12
1.5907164197415113e-12
1.4421937521547078e-12
1.1254093806201127e-12
9.103690899792127e-13
1.0179521268582903e-12
1.3150019185559357e-12
1.6661855624988675e-12
1.8631226339493876e-12
1.9184317352483046e-12
1.98386132979067e-12
1.9934650481445712e-12
2.1828025637660175e-12
2.351150760659948e-12
2.473922359058633e-12
2.1712570742238313e-12
1.5476929547730833e-12
7.245414053613786e-13
1.2176820973763824e-13
3.7090878777235047e-13
6.299260803643847e-13
8.534589142072946e-13
1.0644334906828589e-12
1.1621947123785503e-12
1.2022935152344872e-12
1.2512211469584143e-12
1.4483873201243112e-12
1.7775922970031388e-12
2.1322694010450504e-12
2.391625821474008e-12
2.4069511709967627e-12
2.4612079869257285e-12
2.842820140358526e-12
3.065987766603939e-12
3.32964991685003e-12
3.6242669011699033e-12
3.2788731914479283e-12
2.6265934138791633e-12
2.0517438315437173e-12
1.6610700185992753e-12
1.5249060197675135e-12
1.450737727282103e-12
1.4170503163768444e-12
1.389905264659319e-12
4.729404099634849e-12
7.934992900118232e-11
8.078724145889282e-10
3.881053626537323e-9
1.2039750814437866e-8
2.680746912956238e-8
4.5163598656654356e-8
6.356649398803711e-8
7.5395667552948e-8
8.080922365188599e-8
8.36544394493103e-8
8.704812526702881e-8
8.765114545822143e-8
8.746395111083984e-8
9.222278594970703e-8
9.906013011932373e-8
9.946135878562927e-8
9.653157591819763e-8
9.84225571155548e-8
1.0551942586898803e-7
1.0527222156524658e-7
9.92019236087799e-8
9.420299530029296e-8
9.532449245452881e-8
9.631772637367248e-8
9.304662942886352e-8
9.117927551269531e-8
8.946104049682617e-8
8.644080162048339e-8
9.116912484169006e-8
9.423693418502807e-8
9.005843997001647e-8
9.021499752998352e-8
9.74518597126007e-8
1.0679351091384887e-7
1.0723298788070678e-7
1.0498960018157959e-7
1.0510172843933105e-7
1.0168381929397583e-7
8.94675850868225e-8
6.722385883331298e-8
4.226813018321991e-8
2.1022520959377288e-8
7.70357847213745e-9
1.922943815588951e-9
2.5350158102810383e-10
1.8060476577375083e-11
2.5421044483664443e-12
2.3618888008059e-12
2.5302349968114868e-12
2.6279580197297037e-12
2.531948666728567e-12
2.227564255008474e-12
1.77727997652255e-12
1.404017621098319e-12
1.2448888810467906e-12
1.315594545303611e-12
1.4492696209345013e-12
1.5189536497928201e-12
1.430528391210828e-12
1.1975189408985898e-12
1.0204856152995489e-12
1.059140504366951e-12
1.292100023420062e-12
1.572070141264703e-12
1.7982401914196088e-12
1.8703514797380195e-12
1.9227303710067642e-12
1.9442590200924314e-12
2.057951860479079e-12
2.2967729819356463e-12
2.3688127839704973e-12
2.273054633405991e-12
1.6939695342443882e-12
1.0047645446320529e-12
1.3654572512677986e-13
4.202739546599332e-13
6.508814294647891e-13
8.587262527726125e-13
1.0047401701740455e-12
1.0954843673971481e-12
1.13165624497924e-12
1.2093982149963267e-12
1.4164284948492422e-12
1.7445629055146127e-12
2.112150286848191e-12
2.4175147700589148e-12
2.463698365318123e-12
2.5345609174109993e-12
2.865840542654041e-12
3.1710405892226845e-12
3.444468165980652e-12
3.5770688555203376e-12
3.1630963349016383e-12
2.5774515961529686e-12
2.0795283489860595e-12
1.7095024304580874e-12
1.5194566913123708e-12
1.4469191228272392e-12
1.4031783393875229e-12
2.6984216674463824e-12
3.2788014505058524e-11
3.351195715367794e-10
1.7662061378359793e-9
6.131001561880111e-9
1.5640848875045775e-8
3.0147570371627806e-8
4.539294838905334e-8
6.05764627456665e-8
7.173900008201598e-8
7.758667469024658e-8
8.140223026275635e-8
8.489302992820739e-8
8.508270382881164e-8
8.532750606536865e-8
9.126272201538086e-8
9.887306690216065e-8
9.954642653465271e-8
9.637160897254943e-8
9.725800156593322e-8
1.0383137464523315e-7
1.0563557147979735e-7
1.0149931907653808e-7
9.577388167381286e-8
9.487529397010802e-8
9.470987915992737e-8
9.183653593063354e-8
8.958316445350647e-8
8.74451458454132e-8
8.465880751609801e-8
8.867860436439514e-8
9.153409600257873e-8
8.824205994606017e-8
8.982925415039062e-8
9.76590871810913e-8
1.0629177093505859e-7
1.0657879114151001e-7
1.051193118095398e-7
1.0560756921768188e-7
1.0245399475097656e-7
9.010332822799682e-8
6.897361874580382e-8
4.563837349414825e-8
2.5295135378837586e-8
1.1071835458278656e-8
3.587888181209564e-9
7.928986102342605e-10
9.581211488693952e-11
7.745594484731555e-12
2.4632328859297558e-12
2.4932407541200517e-12
2.525070522096939e-12
2.4138800654327497e-12
2.170960397052113e-12
1.8196762539446354e-12
1.4751005437574349e-12
1.3170026250008959e-12
1.3303139894560445e-12
1.4024866686668246e-12
1.4552461834682616e-12
1.4313033716462086e-12
1.2564526514324824e-12
1.0978099453495814e-12
1.1109329534519928e-12
1.2779421922459732e-12
1.519172110420186e-12
1.725074616842903e-12
1.8097271095030008e-12
1.8719239960773846e-12
1.879840056062676e-12
1.9800110749201847e-12
2.20301062654471e-12
2.3335009245784023e-12
2.2726744646206496e-12
1.852303466876037e-12
1.2361624612822198e-12
1.518469844086212e-13
4.42373448095168e-13
6.644311270065373e-13
8.401159902859945e-13
9.611717359803152e-13
1.033475564327091e-12
1.0775460395962e-12
1.1684440323733724e-12
1.392687772749923e-12
1.726211849018e-12
2.115877578034997e-12
2.445659083605278e-12
2.5067989554372613e-12
2.569353273429442e-12
2.9108303351677023e-12
3.3027143217623232e-12
3.5617413232102987e-12
3.514094714773819e-12
3.0275978133431633e-12
2.5077300961129364e-12
2.1134448616066945e-12
1.749350303725805e-12
1.534630064270459e-12
1.4392210687219631e-12
1.9108747437712737e-12
1.4255326823331416e-11
1.4527172315865753e-10
8.069538511335849e-10
3.0718756839632987e-9
8.705540001392364e-9
1.9168032705783844e-8
3.270893096923828e-8
4.4834718108177185e-8
5.732598900794983e-8
6.812110543251038e-8
7.467608451843262e-8
7.958401441574097e-8
8.30020785331726e-8
8.269001841545105e-8
8.337413668632507e-8
9.05893087387085e-8
9.893572330474853e-8
9.986095428466796e-8
9.616668820381164e-8
9.56777811050415e-8
1.0146318674087523e-7
1.0597317218780517e-7
1.0462660789489746e-7
9.805902242660522e-8
9.480933547019958e-8
9.319183826446532e-8
9.068902730941773e-8
8.803061842918395e-8
8.549745678901672e-8
8.294382095336913e-8
8.603413105010986e-8
8.86112630367279e-8
8.64875316619873e-8
8.976571559906005e-8
9.810783863067626e-8
1.0544778108596801e-7
1.0542287826538086e-7
1.0474128723144531e-7
1.0578882694244384e-7
1.0315747261047363e-7
9.070224165916443e-8
7.028135061264038e-8
4.8252272605895996e-8
2.901739478111267e-8
1.451827883720398e-8
5.690837278962135e-9
1.6519244760274886e-9
3.2048397697508333e-10
3.6279702908359464e-11
4.27719896833878e-12
2.4851642592693677e-12
2.4386128643527625e-12
2.31133344641421e-12
2.12449212995125e-12
1.8433651348459535e-12
1.5355748473666607e-12
1.3764737559540663e-12
1.3613588635053018e-12
1.3783800568489822e-12
1.4155833014228845e-12
1.4292359992396086e-12
1.3033464711043051e-12
1.161618001788156e-12
1.1548105248948559e-12
1.281086224480532e-12
1.4787246072955894e-12
1.663230978010688e-12
1.7460506569477729e-12
1.8150736650568433e-12
1.8233597074868156e-12
1.9042576241190543e-12
2.132808913302142e-12
2.2765361791243776e-12
2.285270056745503e-12
1.957858148671221e-12
1.4398727216757834e-12
1.6384536820623907e-13
4.598523446475155e-13
6.65303605273948e-13
8.196937415050342e-13
9.186374882119706e-13
9.823286745813674e-13
1.0288467819918879e-12
1.1312101378280204e-12
1.3653195310325828e-12
1.7125152226071805e-12
2.1189245671848766e-12
2.470923755026888e-12
2.5423434635740704e-12
2.6096153305843473e-12
2.9832304790033957e-12
3.4043856430798766e-12
3.6180510505801066e-12
3.4768017940223217e-12
2.9404509405139834e-12
2.4609771571704186e-12
2.1192154235905033e-12
1.7776816093828527e-12
1.5477828128496184e-12
1.640978007344529e-12
6.583464710274711e-12
6.266551790758967e-11
3.7351802457123994e-10
1.5000106766819953e-9
4.626538977026939e-9
1.1245913058519363e-8
2.2033186256885528e-8
3.4404310584068294e-8
4.423822164535522e-8
5.480312705039978e-8
6.504883170127868e-8
7.193863987922668e-8
7.757158279418945e-8
8.100590109825134e-8
8.056404590606689e-8
8.168847560882568e-8
8.981893658638e-8
9.874032139778137e-8
9.99229073524475e-8
9.578927755355834e-8
9.443201422691345e-8
9.98114824295044e-8
1.0631457567214966e-7
1.0684661865234374e-7
9.971308708190917e-8
9.494375586509704e-8
9.212477207183838e-8
8.959035873413085e-8
8.649097084999084e-8
8.368560075759887e-8
8.121134638786316e-8
8.357201218605041e-8
8.608746528625488e-8
8.483012914657592e-8
8.926793932914733e-8
9.810097217559814e-8
1.0470029115676879e-7
1.0460988283157349e-7
1.0439097881317139e-7
1.0580495595932006e-7
1.0375722646713256e-7
9.145963788032532e-8
7.172406911849975e-8
5.067569017410278e-8
3.222267031669617e-8
1.768822371959686e-8
7.957912236452102e-9
2.802210673689842e-9
7.141805719584226e-10
1.2357106897979974e-10
1.4759504119865596e-11
3.0985378543846306e-12
2.3764394427416844e-12
2.233905433968175e-12
2.0776127712451853e-12
1.849843101808801e-12
1.5800545952515676e-12
1.4283545169746503e-12
1.3895540178054942e-12
1.3728925296163652e-12
1.3926778592576738e-12
1.4248651496018282e-12
1.3354238035390153e-12
1.212813822348835e-12
1.1955055015278049e-12
1.2886726835859008e-12
1.4500848919851704e-12
1.609661558177322e-12
1.6864647477632388e-12
1.756429082888644e-12
1.764670196280349e-12
1.841240555222612e-12
2.0626001060009003e-12
2.2284162696450946e-12
2.287473762407899e-12
2.0489886082941664e-12
1.6088584743556566e-12
1.7328389958493062e-13
4.69500355393393e-13
6.607660452573327e-13
7.959641152410767e-13
8.80248535395367e-13
9.368120117869694e-13
9.862392289505805e-13
1.0957809536193962e-12
1.3394058441917876e-12
1.698773121461272e-12
2.1226362150628117e-12
2.492410203558393e-12
2.57632364082383e-12
2.6580561097944153e-12
3.0559476726921273e-12
3.483215914457105e-12
3.655277032521553e-12
3.4476597647881134e-12
2.8845704946434126e-12
2.4240258426289073e-12
2.118446172971744e-12
1.7933922208612783e-12
1.6401267203036695e-12
3.54518269887194e-12
2.7029111515730617e-11
1.6997051425278185e-10
7.384595461189747e-10
2.391894906759262e-9
6.3008598983287805e-9
1.3583789765834807e-8
2.435616999864578e-8
3.558954894542694e-8
4.36382532119751e-8
5.274536609649658e-8
6.238893866539002e-8
6.938758492469787e-8
7.54733383655548e-8
7.898033261299133e-8
7.862551808357239e-8
8.017069101333618e-8
8.897950053215027e-8
9.835748076438903e-8
9.97866928577423e-8
9.53119695186615e-8
9.34437870979309e-8
9.864566326141358e-8
1.0662789344787597e-7
1.0844527482986449e-7
1.0093762874603271e-7
9.51551616191864e-8
9.133591055870056e-8
8.85606825351715e-8
8.501935601234435e-8
8.198405504226684e-8
7.949124574661254e-8
8.129716515541077e-8
8.385052084922791e-8
8.323191404342651e-8
8.848804831504821e-8
9.778493046760558e-8
1.039832830429077e-7
1.0398377180099487e-7
1.0405657291412353e-7
1.05751633644104e-7
1.0429478883743285e-7
9.229699969291687e-8
7.321313619613647e-8
5.29401421546936e-8
3.5103935003280635e-8
2.0621892809867858e-8
1.0261499881744384e-8
4.162955284118652e-9
1.2879220768809319e-9
2.9107611626386643e-10
4.865667433477938e-11
6.997164018684998e-12
2.5501845811959356e-12
2.1731346350861714e-12
2.0351722923805936e-12
1.8461321815266275e-12
1.610666549822781e-12
1.470537063141819e-12
1.4187737178872338e-12
1.3765936273557599e-12
1.3820822459820192e-12
1.4227373867470305e-12
1.3582853171101306e-12
1.2531691936601418e-12
1.2313139450270683e-12
1.2996640180062968e-12
1.4292811101768166e-12
1.5646714018657802e-12
1.6310474165948107e-12
1.6983984096441418e-12
1.707389310467988e-12
1.7811271391110494e-12
2.0004659745609387e-12
2.1805135475005954e-12
2.2873120542499234e-12
2.1220892449491656e-12
1.7502596165286376e-12
1.7977588413486954e-13
4.737714334623888e-13
6.520446731883566e-13
7.723163435002789e-13
8.447766049357597e-13
8.97369591257302e-13
9.501291970082094e-13
1.0655133337422739e-12
1.318156864726916e-12
1.6898597095860168e-12
2.1222171199042348e-12
2.509222213120665e-12
2.619431325001642e-12
2.709789805521723e-12
3.105335053987801e-12
3.5465844121063127e-12
3.719036976690404e-12
3.428606578381732e-12
2.831382880685851e-12
2.3962526029208675e-12
2.1073334210086613e-12
1.827816231525503e-12
2.4266171749331987e-12
1.2273136235307902e-11
7.656944799236954e-11
3.574718255549669e-10
1.2503357604146003e-9
3.4583061933517454e-9
8.037222176790238e-9
1.567082107067108e-8
2.6124572753906247e-8
3.635245859622955e-8
4.324265718460083e-8
5.127910375595093e-8
6.021293997764587e-8
6.70921266078949e-8
7.32962667942047e-8
7.681975960731506e-8
7.69020140171051e-8
7.90954053401947e-8
8.825928568840027e-8
9.752946496009827e-8
9.914757013320923e-8
9.493115544319152e-8
9.30266261100769e-8
9.778164029121399e-8
1.0640887022018432e-7
1.0935842990875244e-7
1.0193123817443847e-7
9.534133076667786e-8
9.065748453140258e-8
8.774848580360412e-8
8.37514042854309e-8
8.040069937705993e-8
7.790170311927795e-8
7.928696870803832e-8
8.177984952926636e-8
8.170006275177002e-8
8.76298725605011e-8
9.723243117332458e-8
1.0321382284164429e-7
1.0350478887557983e-7
1.0380165576934814e-7
1.0560247898101806e-7
1.0456044673919677e-7
9.294973015785217e-8
7.457957863807678e-8
5.506652593612671e-8
3.777196109294891e-8
2.338896095752716e-8
1.2566897273063659e-8
5.657500401139259e-9
2.021459117531776e-9
5.554093979299069e-10
1.1923552956432104e-10
2.04003561520949e-11
3.977744927396997e-12
2.2039284885977396e-12
1.9975786926806904e-12
1.840051481849514e-12
1.6325371689163148e-12
1.504007559560705e-12
1.4449132322624792e-12
1.3855092220182996e-12
1.3804048649035393e-12
1.4254804227675776e-12
1.3777259482594671e-12
1.2864596101280767e-12
1.2628808690351433e-12
1.312111271545291e-12
1.4151120012684259e-12
1.526704363641329e-12
1.5809768228791654e-12
1.6418265659012832e-12
1.6494850569870323e-12
1.7222455426235683e-12
1.9423589037614875e-12
2.1373711206251755e-12
2.282281275256537e-12
2.18128043343313e-12
1.8671156794880515e-12
1.830994733609259e-13
4.73975705972407e-13
6.45080490357941e-13
7.525696219090605e-13
8.143306331476197e-13
8.684141903358977e-13
9.332148692919873e-13
1.0539144568610937e-12
1.3232865057943854e-12
1.7073101844289339e-12
2.1032141376053915e-12
2.5069643015740436e-12
2.7171798137715085e-12
2.7609154130914245e-12
3.036599628103431e-12
3.590460983105004e-12
4.027938484796323e-12
3.4110718843294307e-12
2.707489329623058e-12
2.368790046602953e-12
2.0694784325314687e-12
2.116138239216525e-12
6.220550130819901e-12
3.6188226658850906e-11
1.7785350792109966e-10
6.642396561801433e-10
1.9580069929361342e-9
4.878421872854232e-9
1.0083171725273132e-8
1.7358197271823883e-8
2.661953568458557e-8
3.6290374398231504e-8
4.418623149394989e-8
5.186114311218262e-8
5.9354341030120845e-8
6.54524803161621e-8
7.068891525268555e-8
7.376575469970703e-8
7.587515711784363e-8
8.045373558998107e-8
8.840157389640807e-8
9.45825159549713e-8
9.610122442245482e-8
9.554176330566406e-8
9.533640146255492e-8
9.674131274223327e-8
1.0295344591140746e-7
1.0816850662231445e-7
1.0321381092071532e-7
9.519995450973511e-8
8.967005014419556e-8
8.802475929260254e-8
8.329581618309021e-8
7.906903624534606e-8
7.700244784355163e-8
7.79971957206726e-8
7.961614727973937e-8
8.038219809532165e-8
8.735391497612e-8
9.640023708343505e-8
1.0213860273361206e-7
1.0344427824020385e-7
1.040177822113037e-7
1.0491586923599243e-7
1.0323086977005005e-7
9.210624694824218e-8
7.505588531494141e-8
5.69923460483551e-8
4.03996855020523e-8
2.6169106364250182e-8
1.496276259422302e-8
7.197670638561249e-9
2.8735313564538953e-9
9.286428801715373e-10
2.4035305250436064e-10
5.122331203892827e-11
9.408817277289926e-12
2.732381472014822e-12
1.9958981283707543e-12
1.8505070329410953e-12
1.6618370864307508e-12
1.5287652786355465e-12
1.4566034224117174e-12
1.3888781722926067e-12
1.3890761692891828e-12
1.4415237274079117e-12
1.406019237037981e-12
1.3237719940661919e-12
1.295204219786683e-12
1.3259837942314334e-12
1.407618856319459e-12
1.494671687396476e-12
1.538083415653091e-12
1.582959885126911e-12
1.5810534023330546e-12
1.6530366337974554e-12
1.8878097762353717e-12
2.1039615603513082e-12
2.275957194797229e-12
2.2276106392382643e-12
1.9607428839663042e-12
1.8479763639334122e-13
4.723089205072029e-13
6.343553650367539e-13
7.31993850422441e-13
7.884585102146957e-13
8.447310392512008e-13
9.15498094400391e-13
1.046830311679514e-12
1.3266866517369635e-12
1.7085501895053311e-12
2.1025189198553562e-12
2.5340814318042246e-12
2.7664755180012434e-12
2.7840787879540584e-12
3.045888843189459e-12
3.6989920772612094e-12
4.135058406973257e-12
3.4414901165291666e-12
2.656889409990981e-12
2.3113960196496917e-12
2.176874113501981e-12
3.793237556237727e-12
1.7198853311128914e-11
8.6623162496835e-11
3.454653779044747e-10
1.089123450219631e-9
2.8626471757888794e-9
6.377137452363968e-9
1.1796484142541885e-8
1.8622778356075286e-8
2.7219322323799133e-8
3.6679038405418396e-8
4.4788432121276856e-8
5.2013295888900756e-8
5.852819085121155e-8
6.386409401893615e-8
6.837146282196045e-8
7.139129042625427e-8
7.495412826538086e-8
8.092150092124938e-8
8.801046013832092e-8
9.236484169960022e-8
9.397863149642944e-8
9.575273990631103e-8
9.644724130630493e-8
9.574107527732849e-8
1.006008505821228e-7
1.0721218585968017e-7
1.0371664762496947e-7
9.493582844734192e-8
8.907135128974915e-8
8.806483745574951e-8
8.272216320037842e-8
7.800126075744628e-8
7.606260180473328e-8
7.667722702026367e-8
7.781922221183777e-8
7.916987538337707e-8
8.675723075866699e-8
9.552107453346252e-8
1.0128295421600341e-7
1.0328030586242676e-7
1.0393370389938354e-7
1.0427752733230591e-7
1.0222615003585815e-7
9.151538014411925e-8
7.550051808357238e-8
5.859137177467346e-8
4.276733696460724e-8
2.878814935684204e-8
1.7295967042446135e-8
8.865503966808318e-9
3.825348615646362e-9
1.3883549720048905e-9
4.206460900604725e-10
1.0701362043619155e-10
2.2612795874010772e-11
4.902772343484684e-12
2.2021455151843837e-12
1.861290365923196e-12
1.6819807569845579e-12
1.5517402061959729e-12
1.4715797078679315e-12
1.397016421833541e-12
1.3973767636343837e-12
1.4583059055439661e-12
1.4323964933282696e-12
1.3561708328779786e-12
1.3244997717265504e-12
1.3412554835667834e-12
1.4017510693520307e-12
1.469546441512648e-12
1.496347158536082e-12
1.5296349374693818e-12
1.5197987522697076e-12
1.5903629901004024e-12
1.830486326070968e-12
2.0658315406762992e-12
2.2691947378916666e-12
2.2632773834629916e-12
2.037542071775533e-12
1.8531603700466802e-13
4.679453013523016e-13
6.217528607521672e-13
7.121886028471636e-13
7.658587492187507e-13
8.236188477894757e-13
9.006369509734213e-13
1.0403794476587791e-12
1.325839457422262e-12
1.7099137039622291e-12
2.11176993616391e-12
2.5600542358006348e-12
2.8003176339552736e-12
2.8102371288696304e-12
3.093307532253675e-12
3.777593155973591e-12
4.22210396209266e-12
3.459253639448434e-12
2.6256326236762104e-12
2.3283686459762976e-12
2.9261278541525825e-12
8.951964264269918e-12
4.153302870690822e-11
1.7481439281255005e-10
5.911413580179214e-10
1.6525302082300186e-9
3.889628127217293e-9
7.811620831489562e-9
1.3258475065231322e-8
1.970398873090744e-8
2.7897694706916808e-8
3.7180402874946596e-8
4.5182451605796814e-8
5.1931023597717284e-8
5.768504738807678e-8
6.234702467918396e-8
6.634191274642944e-8
6.947240233421325e-8
7.404128313064575e-8
8.083041906356812e-8
8.734054565429687e-8
9.063395857810974e-8
9.241624474525451e-8
9.567527770996093e-8
9.684667587280273e-8
9.481976628303527e-8
9.893472790718078e-8
1.063893437385559e-7
1.0377733707427978e-7
9.461280703544616e-8
8.865170478820801e-8
8.793948292732239e-8
8.211945295333862e-8
7.708526849746704e-8
7.510750293731689e-8
7.539710402488708e-8
7.627789974212646e-8
7.801799774169922e-8
8.597742915153503e-8
9.463046789169311e-8
1.0053260326385498e-7
1.0301336050033568e-7
1.0367003679275513e-7
1.036943793296814e-7
1.0144253969192504e-7
9.110217690467834e-8
7.59312391281128e-8
5.998101234436035e-8
4.489469230175018e-8
3.123958706855774e-8
1.958191841840744e-8
1.058179959654808e-8
4.8828568309545515e-9
1.9301638007164e-9
6.584611721336841e-10
1.9489997066557407e-10
4.7974882181733846e-11
1.0523747187107802e-11
3.108930104644969e-12
1.9536048057489097e-12
1.6988815332297235e-12
1.5712494132458231e-12
1.4881198694638442e-12
1.4079220818530301e-12
1.4077806554269045e-12
1.4746216947969514e-12
1.4570779057976323e-12
1.3853919881512411e-12
1.351248374703573e-12
1.3562157619162462e-12
1.3989134458824992e-12
1.4476024261966813e-12
1.4591819308407138e-12
1.4803194062551482e-12
1.4645455848949495e-12
1.5323374100262298e-12
1.7744665456120856e-12
2.024857349169906e-12
2.2573096430278384e-12
2.2910244297236203e-12
2.0997404135414397e-12
1.8471419025445355e-13
4.615959824150195e-13
6.083014341129456e-13
6.935357305337675e-13
7.45468605600763e-13
8.052803423197474e-13
8.876342690200544e-13
1.0335993465560022e-12
1.3238583960628603e-12
1.7130976630141958e-12
2.1238485715002752e-12
2.583778586995322e-12
2.8299058612901717e-12
2.845682683982886e-12
3.1433664844371378e-12
3.851753353956155e-12
4.2862444388447326e-12
3.4761585993692275e-12
2.629031769174617e-12
2.653144474606961e-12
5.407255230238661e-12
2.0948058227077127e-11
8.623105240985751e-11
3.108904231339693e-10
9.302238933742046e-10
2.3315608501434323e-9
4.962186515331268e-9
9.154018759727478e-9
1.4551378786563873e-8
2.0689332485198972e-8
2.859377562999725e-8
3.767789304256439e-8
4.5432046055793763e-8
5.1703757047653196e-8
5.682380199432373e-8
6.09192669391632e-8
6.456490159034728e-8
6.785611510276794e-8
7.31066882610321e-8
8.03916335105896e-8
8.652786016464233e-8
8.922606706619262e-8
9.11909282207489e-8
9.539572000503539e-8
9.682236313819885e-8
9.397891163825988e-8
9.76948618888855e-8
1.056467056274414e-7
1.0358860492706298e-7
9.425746798515319e-8
8.830264806747437e-8
8.770015239715576e-8
8.152058124542236e-8
7.625806927680968e-8
7.416077852249145e-8
7.418416738510131e-8
7.491614818572997e-8
7.690922617912292e-8
8.509855270385742e-8
9.374130368232726e-8
9.982346892356872e-8
1.0265674591064453e-7
1.0329811573028564e-7
1.0316091775894165e-7
1.0081328153610228e-7
9.08179759979248e-8
7.635573744773865e-8
6.12233281135559e-8
4.682292342185974e-8
3.3532041311264036e-8
2.180190533399582e-8
1.2328046560287475e-8
6.017664819955825e-9
2.5541719049215314e-9
9.539471939206122e-10
3.1797732226550576e-10
9.007583139464259e-11
2.1932482195552438e-11
5.594969843514263e-12
2.3541746486444026e-12
1.7466305507696232e-12
1.588740269653499e-12
1.504440569988219e-12
1.4208846550900488e-12
1.419894124410348e-12
1.4912412552803288e-12
1.4801185898249968e-12
1.412204346706858e-12
1.3758156455878632e-12
1.3709138329431879e-12
1.3978124115965328e-12
1.4291595107351894e-12
1.425778646080289e-12
1.4356436622620093e-12
1.4138709047983865e-12
1.4786752217332832e-12
1.7204747564392163e-12
1.9825281924568118e-12
2.2405230993172153e-12
2.310216223122552e-12
2.1497247871593573e-12
1.8530996612753368e-13
4.588187039189506e-13
5.990002591715892e-13
6.739451237081085e-13
7.255906893988139e-13
7.884978003858123e-13
8.810977305984125e-13
1.0389507224317639e-12
1.3299604688654654e-12
1.7145037418231366e-12
2.151125590899028e-12
2.61551103903912e-12
2.8339394702925346e-12
2.8745798772433772e-12
3.17376761813648e-12
3.836158066405914e-12
4.349400478531606e-12
3.627730256994255e-12
2.8169748475193046e-12
3.855992326862178e-12
1.134667982114479e-11
4.338403232395649e-11
1.6110481228679417e-10
5.23742800578475e-10
1.3954740017652512e-9
3.1480707228183745e-9
6.205161288380623e-9
1.0561300814151764e-8
1.5559245645999907e-8
2.1447527408599852e-8
2.9001593589782715e-8
3.743278086185455e-8
4.563340246677399e-8
5.214433670043945e-8
5.6354075670242305e-8
6.004793643951416e-8
6.367968320846557e-8
6.718382835388183e-8
7.249234914779663e-8
7.922310829162597e-8
8.466513752937316e-8
8.772453665733336e-8
9.050139784812927e-8
9.491618275642394e-8
9.691860675811767e-8
9.506452083587646e-8
9.809855818748474e-8
1.0382409095764159e-7
1.0042973756790161e-7
9.218598008155822e-8
8.857030868530274e-8
8.827908635139465e-8
8.073818683624268e-8
7.542683482170105e-8
7.366765737533569e-8
7.372319102287292e-8
7.453508377075195e-8
7.648162245750427e-8
8.404271602630615e-8
9.25585150718689e-8
9.89614188671112e-8
1.0170836448669433e-7
1.021491527557373e-7
1.0222976207733153e-7
1.0037277936935425e-7
9.098595976829528e-8
7.686875462532042e-8
6.207423210144043e-8
4.81148213148117e-8
3.543221354484558e-8
2.380063384771347e-8
1.4000366628170012e-8
7.1816444396972655e-9
3.2604616135358808e-9
1.3235408812761306e-9
4.820066969841718e-10
1.5346260042861103e-10
4.275257233530283e-11
1.1119068949483335e-11
3.5157543607056138e-12
1.9126984625472685e-12
1.6032288840506225e-12
1.5194513252936302e-12
1.4486109648714773e-12
1.4451398783421608e-12
1.496065488026943e-12
1.5083584912645165e-12
1.4484260645986068e-12
1.3976238733448553e-12
1.3858512829756364e-12
1.3976527952763718e-12
1.4167791960062459e-12
1.3948734704172238e-12
1.3973832210467662e-12
1.3697035683435388e-12
1.4183529856381938e-12
1.6625701391603796e-12
1.952095226442907e-12
2.2299685952020807e-12
2.333827615075279e-12
2.196531931986101e-12
1.8632169940246968e-13
4.571830231725471e-13
5.892649369343416e-13
6.561884674738394e-13
7.069933417369611e-13
7.752247256576083e-13
8.79428262123838e-13
1.0481066965439822e-12
1.3387882063398137e-12
1.72460622707149e-12
2.179979856009595e-12
2.642051731527317e-12
2.840622983057983e-12
2.8898964956169945e-12
3.1738290999783203e-12
3.816589014604688e-12
4.435437949723564e-12
3.862777521135285e-12
3.4898046578746288e-12
6.962336192373186e-12
2.3000576766207812e-11
8.187233470380306e-11
2.813339233398437e-10
8.28627310693264e-10
1.981962099671364e-9
4.1049174964427945e-9
7.527893036603927e-9
1.1843044310808182e-8
1.641395390033722e-8
2.1993373334407804e-8
2.9123389720916746e-8
3.7061834335327147e-8
4.582203328609466e-8
5.2721607685089106e-8
5.615439414978027e-8
5.95983624458313e-8
6.32977306842804e-8
6.692063212394713e-8
7.191972732543946e-8
7.772939801216126e-8
8.248834013938903e-8
8.622336387634277e-8
8.997523188591003e-8
9.442782402038574e-8
9.725188612937927e-8
9.692199826240539e-8
9.878724217414856e-8
1.0150359869003296e-7
9.627278447151184e-8
8.948318362236022e-8
8.879327774047851e-8
8.88959288597107e-8
8.003655672073363e-8
7.475571632385254e-8
7.340712547302246e-8
7.36523687839508e-8
7.462566494941711e-8
7.634868025779724e-8
8.301145434379578e-8
9.133146405220031e-8
9.795675873756408e-8
1.0042310953140258e-7
1.0067697763442993e-7
1.0113885402679443e-7
9.998133182525635e-8
9.129394888877868e-8
7.739863991737365e-8
6.275813579559326e-8
4.911617040634155e-8
3.701236546039581e-8
2.5601747632026672e-8
1.559046059846878e-8
8.356175571680069e-9
4.023994132876396e-9
1.759031042456627e-9
6.933772005140781e-10
2.4197367019951343e-10
7.5980753172189e-11
2.1695888426620512e-11
6.202502117957919e-12
2.4234344891738146e-12
1.671005338721443e-12
1.5367626474471762e-12
1.4784845006943213e-12
1.4733060197613667e-12
1.50916566781234e-12
1.5332545444834977e-12
1.4847108104731887e-12
1.4227818610379471e-12
1.3997344467497896e-12
1.3997713722346815e-12
1.4060312423680443e-12
1.3693584151042158e-12
1.3627724001707975e-12
1.3277019206725525e-12
1.3628918168251401e-12
1.6054851585067808e-12
1.919351780088618e-12
2.2241983970161528e-12
2.3563410650240256e-12
2.2399184672394767e-12
1.8648527202458352e-13
4.528597855824046e-13
5.779676484962692e-13
6.406125066860113e-13
6.916267921042162e-13
7.655958143004682e-13
8.785375939623918e-13
1.0535635738051496e-12
1.3479617336997762e-12
1.740608422551304e-12
2.201869210693985e-12
2.663127452251501e-12
2.8573160307132637e-12
2.8967820981051773e-12
3.1718722311779854e-12
3.841409125016071e-12
4.562278991215862e-12
4.289784556021913e-12
5.178237552172504e-12
1.3316248077899217e-11
4.3786916648969055e-11
1.45603041164577e-10
4.5702299103140827e-10
1.2183848768472672e-9
2.6718052104115485e-9
5.133642628788948e-9
8.753735572099685e-9
1.2950870394706725e-8
1.7204199731349946e-8
2.243092954158783e-8
2.9201716184616086e-8
3.698427379131317e-8
4.599917829036713e-8
5.29815673828125e-8
5.600737929344177e-8
5.926209092140198e-8
6.293057799339295e-8
6.652274727821349e-8
7.118691802024841e-8
7.633594870567322e-8
8.068071007728576e-8
8.488793969154357e-8
8.934290409088135e-8
9.404263496398926e-8
9.762014150619506e-8
9.81416642665863e-8
9.887604117393493e-8
9.946996569633484e-8
9.307156205177306e-8
8.727195858955383e-8
8.850347995758057e-8
8.898887038230895e-8
7.953426837921142e-8
7.428335547447204e-8
7.312318086624145e-8
7.352498173713684e-8
7.459654211997986e-8
7.610871195793151e-8
8.213419914245605e-8
9.027021527290344e-8
9.691612124443054e-8
9.91569697856903e-8
9.936553239822387e-8
1.0015668869018555e-7
9.954475760459899e-8
9.146093726158141e-8
7.786715626716613e-8
6.346989274024963e-8
5.0152790546417234e-8
3.846955299377441e-8
2.728477418422699e-8
1.713254600763321e-8
9.540604054927825e-9
4.823464155197143e-9
2.241671457886696e-9
9.500822983682154e-10
3.591280896216631e-10
1.2372756609693169e-10
3.9169989759102465e-11
1.1531384370755403e-11
3.674245090223849e-12
1.907158366520889e-12
1.5789562894497066e-12
1.5024434105725958e-12
1.4985542293288744e-12
1.5323817933676764e-12
1.5570567484246567e-12
1.513690767751541e-12
1.4493701200990471e-12
1.4148412446957081e-12
1.4029520571057217e-12
1.396303741785232e-12
1.347924262518063e-12
1.3307511835591868e-12
1.2877092558483127e-12
1.3162231880414764e-12
1.554416121507529e-12
1.8799582903739064e-12
2.2121092115412467e-12
2.3722930563963016e-12
2.276110717502888e-12
1.8567494635135517e-13
4.4678804442810356e-13
5.665972821589093e-13
6.266915988817346e-13
6.792568456148728e-13
7.582341368106427e-13
8.775549758865963e-13
1.0582000868453178e-12
1.3580630366050171e-12
1.7562530047143808e-12
2.2216303477762266e-12
2.6837302357307633e-12
2.8722140996251255e-12
2.903433596657123e-12
3.181735155521892e-12
3.8944588595768436e-12
4.80497874377761e-12
5.2837105613434685e-12
8.701391925569623e-12
2.4997786385938524e-11
7.893526926636696e-11
2.41895136423409e-10
6.92429207265377e-10
1.6961243003606796e-9
3.4469500184059142e-9
6.166037917137146e-9
9.890329837799072e-9
1.3951249420642852e-8
1.7895010113716124e-8
2.2800293564796447e-8
2.9320913553237912e-8
3.7027898430824277e-8
4.613867402076721e-8
5.309681296348571e-8
5.587683320045471e-8
5.8973485231399535e-8
6.255623698234558e-8
6.603127717971801e-8
7.037291526794433e-8
7.504229545593261e-8
7.913752198219299e-8
8.368594050407409e-8
8.867813944816588e-8
9.371187686920165e-8
9.791846871376037e-8
9.88809585571289e-8
9.861207008361817e-8
9.768120050430298e-8
9.053989052772522e-8
8.540729284286498e-8
8.791908621788025e-8
8.876290917396545e-8
7.910813689231872e-8
7.390673756599426e-8
7.28424847126007e-8
7.335905432701111e-8
7.447630167007445e-8
7.580342292785644e-8
8.136453032493591e-8
8.931780457496642e-8
9.587404727935791e-8
9.79425311088562e-8
9.817427396774291e-8
9.924768209457397e-8
9.908345341682433e-8
9.153369069099426e-8
7.82835066318512e-8
6.41788899898529e-8
5.118279457092285e-8
3.985336720943451e-8
2.8869706392288207e-8
1.8620011210441588e-8
1.0721494257450103e-8
5.652080476284027e-9
2.766301855444908e-9
1.2475326657295225e-9
5.066582933068275e-10
1.8910852959379554e-10
6.542016053572296e-11
2.0734268764499574e-11
6.256716733332723e-12
2.507639874238521e-12
1.6999403669615276e-12
1.5346817235695198e-12
1.5229404198180418e-12
1.5571496987831779e-12
1.5828270989004522e-12
1.540338598715607e-12
1.473799693485489e-12
1.4312136045191437e-12
1.4072487829253077e-12
1.3884718100598546e-12
1.3288638911035377e-12
1.301741212955676e-12
1.251391222467646e-12
1.2743184925056993e-12
1.5079963304742705e-12
1.840159347921144e-12
2.1931777155259624e-12
2.3813430743757636e-12
2.3053358745528386e-12
1.8407293964628478e-13
4.3997556531394366e-13
5.549710294872056e-13
6.143748578324448e-13
6.702089194732253e-13
7.527131856477354e-13
8.760172022448387e-13
1.0624224159982987e-12
1.3680997653864323e-12
1.7755064618540927e-12
2.258971653645858e-12
2.7021904315915887e-12
2.8665865102084353e-12
2.911469346145168e-12
3.2103100238600743e-12
4.013010402559303e-12
5.321402932167984e-12
7.360569725278764e-12
1.5352493210230023e-11
4.509890568442643e-11
1.3396430294960736e-10
3.783105872571468e-10
9.941238909959793e-10
2.249620109796524e-9
4.261815920472145e-9
7.175924628973007e-9
1.094817966222763e-8
1.4821134507656097e-8
1.8511202931404113e-8
2.3223547637462614e-8
2.9551115632057188e-8
3.710154592990875e-8
4.618022441864014e-8
5.3256696462631225e-8
5.5861914157867426e-8
5.872291326522827e-8
6.228532195091248e-8
6.56814157962799e-8
6.969206929206847e-8
7.390920519828796e-8
7.763746976852417e-8
8.235291838645934e-8
8.79063606262207e-8
9.332040548324584e-8
9.795701503753662e-8
9.916131496429443e-8
9.810507297515869e-8
9.603273272514343e-8
8.849269747734069e-8
8.385037779808044e-8
8.710717558860779e-8
8.824244737625121e-8
7.872936129570006e-8
7.365477681159973e-8
7.261011600494385e-8
7.319160103797912e-8
7.439279556274413e-8
7.561219334602356e-8
8.077471852302551e-8
8.845013976097107e-8
9.479587078094482e-8
9.669883847236633e-8
9.69816267490387e-8
9.831477999687195e-8
9.849545955657959e-8
9.139041304588317e-8
7.856407761573791e-8
6.480604410171508e-8
5.2220714092254636e-8
4.129698276519775e-8
3.044179081916809e-8
2.0092149078845976e-8
1.1918892711400985e-8
6.511919945478439e-9
3.334648162126541e-9
1.5831854194402695e-9
6.845047697424889e-10
2.749008825048804e-10
1.0305071482434869e-10
3.529356326907873e-11
1.093170722015202e-11
3.7945384974591435e-12
2.0059107555425725e-12
1.6059730114648117e-12
1.5522309695370495e-12
1.5797391824889928e-12
1.6067604519776069e-12
1.5671605069655925e-12
1.4974876648921053e-12
1.44739151437534e-12
1.4125956113275605e-12
1.3820668755215592e-12
1.3124844372214284e-12
1.2757916920236312e-12
1.2177706594229674e-12
1.2362558663880918e-12
1.4643500435340682e-12
1.801437247195281e-12
2.1681562429876064e-12
2.3798802430974317e-12
2.328952541574836e-12
1.822136937335017e-13
4.3323016143403945e-13
5.405445335782133e-13
6.029618816683069e-13
6.699204732285579e-13
7.507108875870472e-13
8.696136319485959e-13
1.0636073966452386e-12
1.3791759556625037e-12
1.8273394744028336e-12
2.4210839910665527e-12
2.703699647099711e-12
2.7398473321227355e-12
2.9032840757281516e-12
3.303820267319679e-12
4.329418152337894e-12
6.218843918759376e-12
1.1109524348285049e-11
2.7105273329652844e-11
7.647555321455001e-11
2.1789197344332932e-10
5.816933698952198e-10
1.3728351332247256e-9
2.812233567237854e-9
5.016664043068886e-9
8.122942596673966e-9
1.18995763361454e-8
1.5400665998458863e-8
1.9139884412288666e-8
2.4236346781253815e-8
3.028512597084045e-8
3.7066918611526485e-8
4.581320583820343e-8
5.4175555706024165e-8
5.660539269447326e-8
5.866582989692688e-8
6.285368800163269e-8
6.668493151664734e-8
7.009011507034301e-8
7.320985198020935e-8
7.51775860786438e-8
7.952441573143005e-8
8.63780677318573e-8
9.23626720905304e-8
9.688495397567749e-8
9.847832322120666e-8
9.721808433532714e-8
9.41218852996826e-8
8.683410286903382e-8
8.285905718803406e-8
8.577385544776916e-8
8.69526445865631e-8
7.8547865152359e-8
7.397288084030151e-8
7.267091870307922e-8
7.320942282676697e-8
7.498165965080261e-8
7.644548416137694e-8
8.09361457824707e-8
8.769618272781371e-8
9.335765838623047e-8
9.488695859909058e-8
9.521958231925964e-8
9.688053131103516e-8
9.71088171005249e-8
9.017009735107422e-8
7.817288041114807e-8
6.496450304985047e-8
5.340190529823303e-8
4.348905980587005e-8
3.241477608680725e-8
2.18038409948349e-8
1.3314148783683777e-8
7.472720742225647e-9
3.992551192641258e-9
1.958281360566616e-9
8.935291320085525e-10
3.8703628815710545e-10
1.5788995660841464e-10
5.844695842824877e-11
1.8949774676002562e-11
6.240358925424516e-12
2.683834100025706e-12
1.7855290934676304e-12
1.6059548215707764e-12
1.5861120118643157e-12
1.6140274965437128e-12
1.5973906556610017e-12
1.5241551409417298e-12
1.4631471458415034e-12
1.4164366803015581e-12
1.3754909559793304e-12
1.3005709661229048e-12
1.253723348781932e-12
1.1826225090771913e-12
1.2002418770862277e-12
1.4187356100592297e-12
1.76577359525254e-12
2.1265799659886395e-12
2.35049519687891e-12
2.35331663134275e-12
1.7987562159760271e-13
4.2430801840964704e-13
5.297759344102815e-13
5.962449904473032e-13
6.661046882072697e-13
7.474674930563196e-13
8.675463504914659e-13
1.0660112820914947e-12
1.4009405276738106e-12
1.9057655663345938e-12
2.4920957002905195e-12
2.7058258638135156e-12
2.6989204343408347e-12
2.896451769629493e-12
3.441135777393356e-12
4.798520603799261e-12
8.226672071032226e-12
1.8033679225482044e-11
4.589708987623453e-11
1.2582128401845694e-10
3.4036329016089436e-10
8.292218670248985e-10
1.7833402380347252e-9
3.4134160727262496e-9
5.802907794713974e-9
9.023796766996384e-9
1.271146535873413e-8
1.6091036796569824e-8
1.988515704870224e-8
2.5020569562911985e-8
3.079389929771423e-8
3.7143474817276e-8
4.588722288608551e-8
5.482610464096069e-8
5.7126533985137936e-8
5.8929455280303955e-8
6.343646645545959e-8
6.734752058982849e-8
7.017365097999572e-8
7.230987548828125e-8
7.309874892234802e-8
7.723227143287659e-8
8.488451242446899e-8
9.124022126197814e-8
9.582415223121643e-8
9.76930320262909e-8
9.619587659835815e-8
9.24400508403778e-8
8.537718057632446e-8
8.175985217094421e-8
8.452163934707642e-8
8.587682247161865e-8
7.825568914413452e-8
7.406958937644958e-8
7.274937033653259e-8
7.335803508758545e-8
7.548345327377319e-8
7.702611684799194e-8
8.1004399061203e-8
8.704545497894287e-8
9.208178520202636e-8
9.325571656227111e-8
9.357251524925231e-8
9.544756412506103e-8
9.575340747833252e-8
8.905606269836425e-8
7.775565981864929e-8
6.515893936157226e-8
5.4438340663909907e-8
4.530987441539764e-8
3.439114689826965e-8
2.3524293303489685e-8
1.4696364104747772e-8
8.490398526191711e-9
4.677928611636162e-9
2.3864055052399634e-9
1.1330374516546725e-9
5.20417233929038e-10
2.2872304543852805e-10
9.155276347883045e-11
3.163650690112263e-11
1.051217841450125e-11
3.997280509793199e-12
2.1506803022930396e-12
1.701862856862135e-12
1.612765117897652e-12
1.6275229427265003e-12
1.6176929420907981e-12
1.549340595374815e-12
1.4798735719523391e-12
1.4220216144167352e-12
1.3715590284846257e-12
1.2883201634394936e-12
1.2329343917372171e-12
1.1544309018063357e-12
1.1648383406281937e-12
1.3800852684653363e-12
1.7227815988007933e-12
2.0893519831588492e-12
2.327604670426808e-12
2.359208338020835e-12
1.7684039903542724e-13
4.1624007280915974e-13
5.216630597715265e-13
5.901077656744746e-13
6.619259693252388e-13
7.446765721397241e-13
8.669266208016779e-13
1.0737731827248354e-12
1.4356703104567713e-12
1.9634779164334757e-12
2.543309165048413e-12
2.7130112357554025e-12
2.6846388209378346e-12
2.9309765523066744e-12
3.645917968242429e-12
5.748238618252799e-12
1.2007460463792085e-11
2.95707315672189e-11
7.582257385365664e-11
1.9924312364310025e-10
4.981675650924444e-10
1.1136658489704131e-9
2.231556735932827e-9
4.04784083366394e-9
6.588566303253173e-9
9.86127182841301e-9
1.3510602712631225e-8
1.6829998791217802e-8
2.0606976747512816e-8
2.566958963871002e-8
3.12093585729599e-8
3.7332537770271297e-8
4.613300561904907e-8
5.534958243370056e-8
5.7587730884552e-8
5.9320706129074094e-8
6.395978927612304e-8
6.776269674301147e-8
7.002479434013366e-8
7.132104039192199e-8
7.131828665733338e-8
7.53081202507019e-8
8.34385335445404e-8
9.004364013671874e-8
9.475778937339782e-8
9.681477546691895e-8
9.510273337364197e-8
9.09309983253479e-8
8.405081629753112e-8
8.062928318977356e-8
8.335479497909546e-8
8.492637276649475e-8
7.788955569267273e-8
7.403761148452759e-8
7.282308936119079e-8
7.355306148529053e-8
7.590543031692504e-8
7.744003534317016e-8
8.100581765174866e-8
8.645846843719482e-8
9.093356728553772e-8
9.177960753440857e-8
9.203259944915771e-8
9.404135942459106e-8
9.443707466125488e-8
8.802243471145629e-8
7.732911109924315e-8
6.534051299095154e-8
5.5353242158889766e-8
4.691638052463531e-8
3.625462651252746e-8
2.5240105390548704e-8
1.608949601650238e-8
9.53063890337944e-9
5.40890209376812e-9
2.850745804607868e-9
1.408195588737726e-9
6.769207306206226e-10
3.1625954434275624e-10
1.3597699580714106e-10
5.03630144521594e-11
1.7458494403399525e-11
6.345578003674745e-12
2.8613654649234374e-12
1.8964534319820813e-12
1.665244417381473e-12
1.6487450920976698e-12
1.6370209777960552e-12
1.570325366628822e-12
1.4968212781241164e-12
1.4292989362729712e-12
1.369074834656203e-12
1.2773472917615435e-12
1.2141591469116974e-12
1.1290971997368616e-12
1.1340234777890146e-12
1.3422718438960145e-12
1.68215119629167e-12
2.0514376956271007e-12
2.3044342015055007e-12
2.355187461944297e-12
1.7366003248753258e-13
4.09334325013333e-13
5.147184310771991e-13
5.846016847499413e-13
6.579827640962321e-13
7.425068815791746e-13
8.688716661708895e-13
1.088164481188869e-12
1.4690968782815617e-12
2.0117053281865084e-12
2.5828876459854655e-12
2.7260048227617517e-12
2.6952007829095237e-12
3.0103487006272186e-12
4.051936411997303e-12
7.540373189840465e-12
1.850264670792967e-11
4.8286019591614604e-11
1.212438801303506e-10
2.9803873039782043e-10
6.887574680149554e-10
1.434623636305332e-9
2.7149004861712453e-9
4.701809585094452e-9
7.355933636426925e-9
1.067308485507965e-8
1.430913507938385e-8
1.7570506036281585e-8
2.1280251443386076e-8
2.6233622431755064e-8
3.159588277339935e-8
3.7594997882843015e-8
4.644969403743744e-8
5.5819094181060785e-8
5.803398489952087e-8
5.974451899528503e-8
6.439521312713622e-8
6.79867684841156e-8
6.971099376678467e-8
7.030965089797973e-8
6.976656913757324e-8
7.364237904548644e-8
8.204839825630188e-8
8.882257938385009e-8
9.36790108680725e-8
9.586185812950133e-8
9.397657513618469e-8
8.955023288726806e-8
8.281551003456116e-8
7.951036095619201e-8
8.226593136787414e-8
8.405236601829528e-8
7.747619152069092e-8
7.392687797546387e-8
7.287867069244384e-8
7.374997735023499e-8
7.625499963760376e-8
7.773734331130981e-8
8.095736503601073e-8
8.591377139091492e-8
8.988864421844482e-8
9.043512344360351e-8
9.059164524078369e-8
9.267812967300415e-8
9.316545724868774e-8
8.705050945281983e-8
7.68993079662323e-8
6.549310684204102e-8
5.616571307182312e-8
4.8364868760108945e-8
3.800158202648163e-8
2.691615521907806e-8
1.7488510906696318e-8
1.059468537569046e-8
6.17389976978302e-9
3.354031592607498e-9
1.7147766426205635e-9
8.594010956585407e-10
4.218834917992353e-10
1.928393612615764e-10
7.634428911842405e-11
2.801667433232069e-11
1.0261645365972071e-11
4.156186696491204e-12
2.2778231141273864e-12
1.7695416318019852e-12
1.6830304957693442e-12
1.6580366718699223e-12
1.589655403222423e-12
1.512655126134632e-12
1.437615355825983e-12
1.3680892152478918e-12
1.2678870916715822e-12
1.197271831188118e-12
1.1065181752201169e-12
1.1060349606850649e-12
1.3074198250251355e-12
1.6424732166342437e-12
2.014413257711567e-12
2.2784684915677645e-12
2.3445481929229572e-12
1.6952938040049047e-13
4.016328603029251e-13
5.06719879922457e-13
5.809298727399436e-13
6.543151812365977e-13
7.411735168716404e-13
8.76831472851336e-13
1.1034724593628197e-12
1.4837184608040842e-12
2.026299443969037e-12
2.560330722189974e-12
2.7332016543368807e-12
2.8246044166735374e-12
3.220496728317812e-12
4.725938561023213e-12
1.0738674609456211e-11
3.000532742589712e-11
7.55586544983089e-11
1.8227812834084034e-10
4.2383689433336256e-10
9.106706827878952e-10
1.8041502684354782e-9
3.2527804374694824e-9
5.323244258761406e-9
8.030331879854201e-9
1.1440331488847733e-8
1.4998289942741393e-8
1.8119990825653074e-8
2.1820902824401854e-8
2.673135995864868e-8
3.22964608669281e-8
3.884030282497406e-8
4.73219096660614e-8
5.5497485399246217e-8
5.8514553308486936e-8
6.073789596557617e-8
6.492234468460082e-8
6.79911732673645e-8
6.923113465309143e-8
6.912579536437988e-8
6.827953457832336e-8
7.240064144134522e-8
8.122228384017944e-8
8.766160011291504e-8
9.211942553520203e-8
9.455965757369995e-8
9.319629669189453e-8
8.867325782775879e-8
8.178772330284118e-8
7.840856909751891e-8
8.088417053222655e-8
8.270155191421508e-8
7.717089653015136e-8
7.41661787033081e-8
7.332443594932556e-8
7.407512664794921e-8
7.621318101882935e-8
7.755416631698608e-8
8.044824600219726e-8
8.47623586654663e-8
8.835949897766113e-8
8.900375962257386e-8
8.923330903053284e-8
9.128229022026061e-8
9.212394952774047e-8
8.694968223571777e-8
7.734134197235107e-8
6.641967892646789e-8
5.722764730453491e-8
4.8847675323486324e-8
3.8576257228851315e-8
2.791706621646881e-8
1.87575027346611e-8
1.1755735427141188e-8
6.936073303222656e-9
3.907754644751549e-9
2.0801445469260215e-9
1.0500497184693814e-9
5.268851760774851e-10
2.534510102123022e-10
1.0843250202015042e-10
4.2106377077288926e-11
1.5609296679031103e-11
6.075557030271738e-12
2.9007162083871663e-12
1.942422932188492e-12
1.7242602552869357e-12
1.6692440112819894e-12
1.5988607628969475e-12
1.5179943147813901e-12
1.4415297300729435e-12
1.370311565551674e-12
1.2655060345423407e-12
1.1787009498220869e-12
1.0904373084485996e-12
1.0920599379460328e-12
1.278979289054405e-12
1.605211400601547e-12
1.976286330318544e-12
2.2727312170900402e-12
2.3446622435585595e-12
1.652624405323877e-13
3.935793301934609e-13
4.999829343432793e-13
5.771383257524575e-13
6.516635494335787e-13
7.428107892337721e-13
8.86250018083956e-13
1.1147416444146074e-12
1.4876696695864665e-12
2.0127443349338138e-12
2.5268569515901617e-12
2.7655185476760378e-12
3.0047174732317216e-12
3.588266554288566e-12
6.012887024553493e-12
1.635238149901852e-11
4.764460318256169e-11
1.1359017807990312e-10
2.617234829813242e-10
5.75788365676999e-10
1.1701995506882666e-9
2.2194841876626015e-9
3.800924122333526e-9
5.915934592485428e-9
8.668708056211471e-9
1.2135381251573561e-8
1.559624671936035e-8
1.8590100109577177e-8
2.2294726967811584e-8
2.7301803231239318e-8
3.3294609189033507e-8
4.039186835289001e-8
4.8215451836585994e-8
5.519711375236511e-8
5.905082821846008e-8
6.179704666137695e-8
6.541650295257568e-8
6.787900328636169e-8
6.861832737922668e-8
6.791407465934753e-8
6.695192456245422e-8
7.140803933143615e-8
8.058024048805236e-8
8.64991545677185e-8
9.045112729072571e-8
9.318084716796874e-8
9.253327250480651e-8
8.798609375953674e-8
8.087089657783508e-8
7.731666564941407e-8
7.942606210708618e-8
8.126088380813598e-8
7.689608335494995e-8
7.450952529907227e-8
7.389526367187499e-8
7.44062602519989e-8
7.599672675132752e-8
7.710321545600891e-8
7.964009642601013e-8
8.33237051963806e-8
8.664510846138e-8
8.752057552337646e-8
8.789505958557129e-8
8.99489402770996e-8
9.128594994544983e-8
8.726295232772827e-8
7.822498083114624e-8
6.768705248832702e-8
5.830140709877014e-8
4.899596273899078e-8
3.86207640171051e-8
2.8477972745895383e-8
1.9811080396175385e-8
1.2876778841018676e-8
7.751898467540741e-9
4.4912502169609065e-9
2.4853352457284924e-9
1.2681875377893447e-9
6.37783296406269e-10
3.1715400982648135e-10
1.44976656883955e-10
6.00322731770575e-11
2.2793299285694956e-11
8.737851749174297e-12
3.837685653707012e-12
2.227642835350707e-12
1.7955588191398418e-12
1.6824364138301462e-12
1.6017946109059267e-12
1.5185735719569492e-12
1.4426649613596965e-12
1.3730303180636837e-12
1.2636939572985283e-12
1.165438698080834e-12
1.0770716471597551e-12
1.0815729183377697e-12
1.2577007510117255e-12
1.5714958863100037e-12
1.9452609194559046e-12
2.2674177671433424e-12
2.3521719413110985e-12
1.6156252513610525e-13
3.8691509871568995e-13
4.945941782352747e-13
5.733006219088565e-13
6.506846602860605e-13
7.464394002454355e-13
8.938350219978019e-13
1.1223291949136182e-12
1.4878403817419894e-12
1.9983210222562775e-12
2.5229908715118654e-12
2.831075653375592e-12
3.2090378226712343e-12
4.222573988954537e-12
8.405055268667638e-12
2.5235651992261408e-11
7.252548821270466e-11
1.6597816720604895e-10
3.6251433193683625e-10
7.560828700661659e-10
1.4680671505630017e-9
2.6542047038674354e-9
4.3359849601984025e-9
6.510461121797561e-9
9.307339787483215e-9
1.2778814136981963e-8
1.617433726787567e-8
1.9091138243675232e-8
2.2808592021465302e-8
2.799859046936035e-8
3.433745205402374e-8
4.1567641496658325e-8
4.890121519565582e-8
5.53907573223114e-8
5.962652564048767e-8
6.253063678741454e-8
6.576369404792786e-8
6.77143156528473e-8
6.795057654380798e-8
6.682669520378113e-8
6.582838296890259e-8
7.046238183975219e-8
7.97720968723297e-8
8.532358407974242e-8
8.900424838066101e-8
9.19439435005188e-8
9.1746586561203e-8
8.719809055328369e-8
7.996149063110351e-8
7.62520134449005e-8
7.813957929611206e-8
8.00791323184967e-8
7.65645146369934e-8
7.468392252922058e-8
7.430043816566467e-8
7.464430928230286e-8
7.582558393478394e-8
7.6656574010849e-8
7.881293296813965e-8
8.20055603981018e-8
8.509491086006164e-8
8.608735799789429e-8
8.656819462776183e-8
8.874258995056152e-8
9.054873585700989e-8
8.744653463363648e-8
7.895880341529845e-8
6.873883605003357e-8
5.91968297958374e-8
4.9381190538406367e-8
3.887345194816589e-8
2.9020714759826657e-8
2.0701512694358824e-8
1.3873237371444702e-8
8.597967028617858e-9
5.106959864497184e-9
2.90633849799633e-9
1.5222055837512016e-9
7.741021923720836e-10
3.9141420274972914e-10
1.8661001231521366e-10
8.20481451228261e-11
3.2692900276742876e-11
1.2597492604982108e-11
5.241009057499468e-12
2.6936158974422142e-12
1.931604492710903e-12
1.7149939594673923e-12
1.6079393390100448e-12
1.5202082067844457e-12
1.444044210074935e-12
1.3738192137680015e-12
1.2604441508301533e-12
1.1569286471058148e-12
1.0650361218722537e-12
1.067999801307451e-12
1.2386665730446111e-12
1.5436791727552189e-12
1.9187451471225356e-12
2.2537446056958287e-12
2.35538391279988e-12
1.5842560969758777e-13
3.814234105448122e-13
4.898452516499674e-13
5.705346666218247e-13
6.51035270493594e-13
7.503387678298167e-13
9.000066711450927e-13
1.1269165952398907e-12
1.4853894754196517e-12
1.992408760997932e-12
2.5404529878869653e-12
2.9260010705911553e-12
3.5311335523147136e-12
5.3457471949513996e-12
1.2316378706600516e-11
3.8275128463283176e-11
1.07398082036525e-10
2.3441542871296406e-10
4.859123378992081e-10
9.67172998934984e-10
1.7929183319211006e-9
3.099098801612854e-9
4.872815683484078e-9
7.1021087467670436e-9
9.925620257854462e-9
1.3397108018398284e-8
1.6746605932712554e-8
1.9615158438682557e-8
2.338365614414215e-8
2.8760826587677e-8
3.531381189823151e-8
4.253488481044769e-8
4.9549734592437745e-8
5.5809575319290156e-8
6.018828153610229e-8
6.307675838470459e-8
6.598567962646485e-8
6.748368740081787e-8
6.727189421653747e-8
6.584769487380981e-8
6.483401656150817e-8
6.954450011253357e-8
7.887483835220337e-8
8.41680347919464e-8
8.770605325698852e-8
9.079580307006835e-8
9.088313579559325e-8
8.634886741638183e-8
7.905505299568176e-8
7.522997260093689e-8
7.699589729309081e-8
7.907543778419494e-8
7.619823813438415e-8
7.473827004432677e-8
7.457088232040405e-8
7.479984760284424e-8
7.566468119621276e-8
7.62096345424652e-8
7.799602150917053e-8
8.079022169113159e-8
8.366943001747132e-8
8.471255302429198e-8
8.528170585632324e-8
8.763376474380493e-8
8.987430334091186e-8
8.753164410591125e-8
7.955578565597534e-8
6.962270140647888e-8
5.99952757358551e-8
4.988288581371307e-8
3.926515579223633e-8
2.9572415351867675e-8
2.1495096385478973e-8
1.4779703319072722e-8
9.418893605470657e-9
5.74830062687397e-9
3.355373442173004e-9
1.801283098757267e-9
9.351829066872597e-10
4.80410736054182e-10
2.351795323193073e-10
1.0816412977874278e-10
4.537396307568997e-11
1.8010917119681836e-11
7.305813778657466e-12
3.4126020182156934e-12
2.1634275981341488e-12
1.7796524844015947e-12
1.6228144886554219e-12
1.5234720194712281e-12
1.4453416042670141e-12
1.3736617802351248e-12
1.2573248568514828e-12
1.1497353625600226e-12
1.054561562341405e-12
1.054505082720425e-12
1.2202699508634396e-12
1.5198065739241428e-12
1.8941434973385184e-12
2.23806309804786e-12
2.3528455130872314e-12
1.5537913213847788e-13
3.7593670185742667e-13
4.848632215725957e-13
5.673798568750498e-13
6.513068456115434e-13
7.543419087596703e-13
9.062123353942297e-13
1.130974942498142e-12
1.4837457456451374e-12
1.990782402572222e-12
2.5635912606958297e-12
3.062934410991147e-12
4.077867197338492e-12
7.1866670623421665e-12
1.8139200983569026e-11
5.657646106556058e-11
1.5271195443347096e-10
3.1936960294842716e-10
6.33128359913826e-10
1.2060729786753654e-9
2.1405363455414773e-9
3.555227443575859e-9
5.411148443818092e-9
7.688629627227783e-9
1.053926795721054e-8
1.4006505906581878e-8
1.7307974398136137e-8
2.0154353976249692e-8
2.3998743295669555e-8
2.9512923955917358e-8
3.619058728218078e-8
4.345421195030212e-8
5.031617283821106e-8
5.6372773647308344e-8
6.064034700393676e-8
6.335962414741516e-8
6.604384183883667e-8
6.72593593597412e-8
6.657552123069763e-8
6.487209200859069e-8
6.38877809047699e-8
6.86112105846405e-8
7.786932587623596e-8
8.301469683647156e-8
8.664555549621581e-8
8.989973068237304e-8
8.998706340789794e-8
8.541761636734008e-8
7.81515121459961e-8
7.420163154602051e-8
7.575896978378295e-8
7.810972929000854e-8
7.589467167854309e-8
7.475185394287109e-8
7.473744750022888e-8
7.491770982742309e-8
7.557457089424132e-8
7.58111834526062e-8
7.721582651138305e-8
7.971070408821106e-8
8.243297934532165e-8
8.346465229988097e-8
8.408247828483582e-8
8.661284446716309e-8
8.922999501228332e-8
8.747236132621764e-8
7.993914484977722e-8
7.028661370277405e-8
6.066930294036865e-8
5.048803091049194e-8
3.983354866504669e-8
3.018880188465118e-8
2.2244855761528014e-8
1.5609537065029145e-8
1.020105704665184e-8
6.387490779161453e-9
3.8212757557630535e-9
2.1053211763501166e-9
1.1149484664201736e-9
5.824614316225052e-10
2.916276222094893e-10
1.3874757569283246e-10
6.08546077273786e-11
2.509969053789973e-11
1.0218872921541333e-11
4.484392775339074e-12
2.530489473429043e-12
1.8918119167210535e-12
1.6526684703421779e-12
1.5307994544855319e-12
1.4471483154920861e-12
1.3725265489483718e-12
1.2552276530186645e-12
1.1435869964770972e-12
1.0462963473401032e-12
1.047237583406968e-12
1.2084572517778724e-12
1.4990934687375555e-12
1.8693343008635565e-12
2.2169104340719058e-12
2.341928848181851e-12
1.4990739600762025e-13
3.656901071735774e-13
4.725724920717767e-13
5.553084520215634e-13
6.461514203692786e-13
7.596926934638759e-13
9.21647279028548e-13
1.145779424405191e-12
1.4817845112702342e-12
1.9635222997749223e-12
2.5129753339570015e-12
3.160868436680175e-12
4.893589357379824e-12
9.776302613317965e-12
2.5548069970682262e-11
7.790399831719696e-11
1.9745605532079934e-10
4.111566115170717e-10
7.997859269380569e-10
1.4789845794439315e-9
2.5267742574214935e-9
4.024495556950569e-9
5.948900058865547e-9
8.297823369503021e-9
1.1228676140308379e-8
1.4646156132221222e-8
1.7788752913475037e-8
2.0621082186698912e-8
2.4581840634346008e-8
3.008826971054077e-8
3.6861675977706906e-8
4.4764694571495054e-8
5.188027620315551e-8
5.7265800237655634e-8
6.051859259605407e-8
6.263373494148254e-8
6.560668349266052e-8
6.739460825920105e-8
6.569709181785583e-8
6.341983079910278e-8
6.273833513259888e-8
6.743709444999694e-8
7.641748189926148e-8
8.16960334777832e-8
8.655374646186829e-8
9.035271406173705e-8
8.914970755577087e-8
8.41730237007141e-8
7.721728682518005e-8
7.2834575176239e-8
7.326733469963074e-8
7.658974528312683e-8
7.611417174339293e-8
7.498669028282165e-8
7.487329840660095e-8
7.522141337394714e-8
7.60141909122467e-8
7.575823068618774e-8
7.657010555267334e-8
7.904710173606872e-8
8.188264369964599e-8
8.271288275718688e-8
8.317609429359435e-8
8.57342779636383e-8
8.854594826698303e-8
8.689240217208862e-8
7.95685350894928e-8
7.023707032203674e-8
6.088995933532714e-8
5.140480995178222e-8
4.1064533591270446e-8
3.116250932216644e-8
2.3063422739505766e-8
1.635840982198715e-8
1.0910871624946594e-8
6.9584444165229794e-9
4.236994683742523e-9
2.4249015375971793e-9
1.292306836694479e-9
6.736168172210455e-10
3.474535886198282e-10
1.7185264732688665e-10
7.853091228753328e-11
3.3389183226972816e-11
1.3840731116943061e-11
5.965445961919613e-12
3.065892815357074e-12
2.0558072719722984e-12
1.7017131540342233e-12
1.5464911484741604e-12
1.4513502719637472e-12
1.367558888887288e-12
1.258998418052215e-12
1.139590131060686e-12
1.0475097042217385e-12
1.0775215741887222e-12
1.2334448911133223e-12
1.4887811630615033e-12
1.8321103198104536e-12
2.1674990421161053e-12
2.3020849766908213e-12
1.452573883398145e-13
3.5567527447710745e-13
4.614697900251485e-13
5.466943548526615e-13
6.436136573029216e-13
7.658260074094869e-13
9.335069989901967e-13
1.1544319022505079e-12
1.476884790463373e-12
1.9378350771148687e-12
2.5183586330967954e-12
3.4330092603340745e-12
6.063275941414758e-12
1.336005370831117e-11
3.531956172082573e-11
1.030505052767694e-10
2.563847228884697e-10
5.233290139585734e-10
9.937317110598086e-10
1.7773929983377455e-9
2.92205810546875e-9
4.5054908841848375e-9
6.5019421279430386e-9
8.917348831892013e-9
1.1869942396879196e-8
1.523803770542145e-8
1.830793172121048e-8
2.112894058227539e-8
2.512853741645813e-8
3.070219755172729e-8
3.770652413368225e-8
4.599465727806091e-8
5.3135609626770015e-8
5.795081853866577e-8
6.044723987579345e-8
6.215872764587401e-8
6.524146795272827e-8
6.713249087333679e-8
6.480915546417236e-8
6.221243143081664e-8
6.162630915641785e-8
6.626099944114685e-8
7.512909770011902e-8
8.062949180603027e-8
8.630089163780213e-8
9.038786888122558e-8
8.836513757705688e-8
8.311184048652649e-8
7.616152763366698e-8
7.14247465133667e-8
7.130531668663025e-8
7.53081202507019e-8
7.59640097618103e-8
7.504847645759582e-8
7.505294680595397e-8
7.550028562545777e-8
7.630492448806762e-8
7.567448019981384e-8
7.607292532920837e-8
7.845988273620606e-8
8.12844157218933e-8
8.196764588356018e-8
8.234450221061707e-8
8.491110801696777e-8
8.78567636013031e-8
8.631964325904845e-8
7.921712398529052e-8
7.01952576637268e-8
6.117974519729614e-8
5.2194505929946894e-8
4.211775362491608e-8
3.215163052082062e-8
2.3913389444351197e-8
1.712355464696884e-8
1.1589977145195007e-8
7.530439645051955e-9
4.681499302387238e-9
2.7363350614905356e-9
1.4920016750693321e-9
7.83288013190031e-10
4.087063483893871e-10
2.0877907518297433e-10
9.90155036561191e-11
4.361319006420672e-11
1.8491466471459715e-11
7.932010339573026e-12
3.836394898826256e-12
2.320151361345779e-12
1.7823349480750039e-12
1.5707437341916374e-12
1.4569153790944255e-12
1.368687935610069e-12
1.2571555089380126e-12
1.1400492439861408e-12
1.054772383213276e-12
1.0945507710857782e-12
1.2508608961070422e-12
1.4852825188427231e-12
1.8020013158093206e-12
2.1242556613287886e-12
2.2591784727410412e-12
1.4103094372330815e-13
3.4653012335184027e-13
4.522973085840931e-13
5.404622243077028e-13
6.430750090657966e-13
7.715545507380739e-13
9.422127732250373e-13
1.1590395843086298e-12
1.4696272046421653e-12
1.9295848687761464e-12
2.59839252976235e-12
3.8922677049413324e-12
7.747003110125661e-12
1.8173950957134366e-11
4.7341163735836745e-11
1.352213672362268e-10
3.294468391686678e-10
6.577859167009592e-10
1.212875172495842e-9
2.095263823866844e-9
3.332095965743065e-9
4.9990475177764894e-9
7.0666484534740445e-9
9.523946046829223e-9
1.2479205429553985e-8
1.5817345678806304e-8
1.8845200538635254e-8
2.164815068244934e-8
2.568462789058685e-8
3.137450814247131e-8
3.860464692115783e-8
4.712510108947754e-8
5.417993664741516e-8
5.850367546081543e-8
6.041963100433349e-8
6.181843876838684e-8
6.486759185791015e-8
6.666220426559448e-8
6.393568515777588e-8
6.113739609718322e-8
6.056241393089294e-8
6.513679623603821e-8
7.39732563495636e-8
7.97067403793335e-8
8.591976165771483e-8
9.015912413597107e-8
8.760274052619934e-8
8.213135004043579e-8
7.506106495857238e-8
7.006506919860839e-8
6.969994902610779e-8
7.417545318603516e-8
7.561212182044983e-8
7.499282360076904e-8
7.520668506622314e-8
7.573160529136658e-8
7.650142908096313e-8
7.557841539382935e-8
7.566712498664855e-8
7.792527079582213e-8
8.067476153373718e-8
8.12427282333374e-8
8.156484365463257e-8
8.413094282150269e-8
8.717489838600158e-8
8.575964570045471e-8
7.88838505744934e-8
7.01617956161499e-8
6.148460507392883e-8
5.2900969982147214e-8
4.306216239929199e-8
3.310530185699463e-8
2.4780614674091337e-8
1.7894707620143888e-8
1.2264394760131835e-8
8.10098871588707e-9
5.133404210209847e-9
3.062569163739681e-9
1.701938547194004e-9
9.085481986403465e-10
4.795829299837351e-10
2.4983971379697324e-10
1.2242405209690332e-10
5.580171709880232e-11
2.4330565065611153e-11
1.0504010424483566e-11
4.893365257885307e-12
2.712825880735181e-12
1.9124659957014953e-12
1.6096968465717509e-12
1.4679485502711032e-12
1.3705423953069838e-12
1.2571212209877557e-12
1.1416350389481523e-12
1.0619648492138367e-12
1.1076297596446239e-12
1.2623774637177121e-12
1.4828492567175999e-12
1.7786624084692448e-12
2.0852461602771654e-12
2.216161556134466e-12
1.3718050695388228e-13
3.3860194434964794e-13
4.449138941708952e-13
5.362245701689972e-13
6.435928753489861e-13
7.765033842588309e-13
9.48322303884197e-13
1.1605989129748195e-12
1.4660502529295627e-12
1.9500768758007326e-12
2.7688396585290318e-12
4.600040847435593e-12
1.0080973879666998e-11
2.4312944151461124e-11
6.2649417668581e-11
1.7540408298373222e-10
4.185657016932964e-10
8.142327889800071e-10
1.454606093466282e-9
2.432636357843876e-9
3.757303580641746e-9
5.505217984318733e-9
7.632547616958618e-9
1.0116094350814818e-8
1.3070039451122283e-8
1.6391918063163756e-8
1.9390656054019927e-8
2.2179733216762542e-8
2.6266101002693175e-8
3.208564221858978e-8
3.950311243534088e-8
4.815748929977417e-8
5.507218837738037e-8
5.8968907594680786e-8
6.04186713695526e-8
6.154102683067322e-8
6.446374058723449e-8
6.608281731605529e-8
6.308073997497558e-8
6.014342904090881e-8
5.955331921577453e-8
6.408191919326781e-8
7.292261123657227e-8
7.886635661125183e-8
8.543941974639892e-8
8.97571861743927e-8
8.684167861938476e-8
8.118488788604736e-8
7.396230697631836e-8
6.87907099723816e-8
6.833863854408264e-8
7.314487695693969e-8
7.515165209770203e-8
7.485232949256897e-8
7.530704140663147e-8
7.590739130973816e-8
7.663173079490661e-8
7.547622919082642e-8
7.531880140304565e-8
7.743010520935058e-8
8.007290363311767e-8
8.05439531803131e-8
8.082493543624878e-8
8.338685035705566e-8
8.650701045989989e-8
8.521557450294494e-8
7.856627106666564e-8
7.013363242149353e-8
6.17832064628601e-8
5.3545975685119625e-8
4.392805099487304e-8
3.401709198951721e-8
2.5643473863601685e-8
1.867094933986664e-8
1.2938515841960906e-8
8.671794086694718e-9
5.5919401347637174e-9
3.3995978534221648e-9
1.925382763147354e-9
1.0454718954861164e-9
5.604865495115518e-10
2.967220498248935e-10
1.4891865430399774e-10
7.005694787949324e-11
3.145790251437575e-11
1.3794300321023911e-11
6.306417344603687e-12
3.267295323894359e-12
2.1100142475916073e-12
1.6731490177335217e-12
1.486354085500352e-12
1.375218289467739e-12
1.2582789167936425e-12
1.1442339200584684e-12
1.068462552211713e-12
1.1178039130754768e-12
1.2706984307442325e-12
1.4802446457906625e-12
1.7591131836525164e-12
2.050424700428266e-12
2.1744239347754046e-12
1.3362309800868388e-13
3.315388539704145e-13
4.3983886826026715e-13
5.33497950527817e-13
6.447811301768525e-13
7.826455657777842e-13
9.463904461881611e-13
1.1469590390333905e-12
1.4644489056081511e-12
1.9918066755053588e-12
2.9801560231135223e-12
5.552797665586695e-12
1.3110322470311075e-11
3.216215409338474e-11
8.311877609230578e-11
2.2021096665412188e-10
5.139867775142193e-10
1.0222626850008965e-9
1.7602205276489257e-9
2.835116535425186e-9
4.276073351502418e-9
6.047403439879417e-9
8.18049982190132e-9
1.074746623635292e-8
1.3792331516742706e-8
1.703268140554428e-8
1.994849741458893e-8
2.2927637398242948e-8
2.691185176372528e-8
3.2471370697021486e-8
4.002687931060791e-8
4.882705509662628e-8
5.637515783309936e-8
5.986610651016235e-8
6.030383110046387e-8
6.109949946403503e-8
6.374287009239197e-8
6.511529088020324e-8
6.233776211738586e-8
5.9388214349746704e-8
5.84826111793518e-8
6.324896216392517e-8
7.207927703857422e-8
7.830695509910583e-8
8.513868451118469e-8
8.863823413848877e-8
8.537599444389343e-8
7.974218130111694e-8
7.299002408981323e-8
6.769310235977172e-8
6.68146014213562e-8
7.275912165641784e-8
7.577078938484191e-8
7.461087703704833e-8
7.483617067337035e-8
7.593936324119567e-8
7.682178616523743e-8
7.548291087150573e-8
7.508402466773986e-8
7.688701748847961e-8
7.941011190414429e-8
8.004043698310851e-8
8.061282038688659e-8
8.299340605735779e-8
8.574999570846558e-8
8.458064198493958e-8
7.825836539268494e-8
6.992794275283814e-8
6.143053770065307e-8
5.3827083110809326e-8
4.474001824855804e-8
3.4746578335762025e-8
2.6355957984924317e-8
1.9459182024002076e-8
1.3812349736690521e-8
9.334844350814819e-9
6.092466041445732e-9
3.799450397491455e-9
2.1790524944663046e-9
1.1916818097233771e-9
6.473472341895103e-10
3.5149850882589814e-10
1.8030409701168537e-10
8.619711734354496e-11
3.96525370888412e-11
1.7768354155123232e-11
8.111503120744601e-12
4.007891402579844e-12
2.3798231268301606e-12
1.7691092580207624e-12
1.512619655841263e-12
1.3716222383663988e-12
1.2543484444904607e-12
1.143074405263178e-12
1.0704888154577928e-12
1.1234800695092418e-12
1.302686177950818e-12
1.5276227713911793e-12
1.7763593859854153e-12
2.0156667233095504e-12
2.111664434778504e-12
1.3042805449003935e-13
3.2590025966783285e-13
4.3593613554548934e-13
5.319788215274457e-13
6.469392246799543e-13
7.854627256165258e-13
9.391512321599294e-13
1.1327349056955426e-12
1.4677856597700155e-12
2.057519850495737e-12
3.294632551842369e-12
6.793280772399157e-12
1.701456058071926e-11
4.250856291037053e-11
1.0729084024205804e-10
2.7078939601778985e-10
6.332699675112962e-10
1.2742238119244574e-9
2.1221037954092025e-9
3.305259719491005e-9
4.833383858203888e-9
6.601572036743164e-9
8.748889714479447e-9
1.1422342807054519e-8
1.4544317126274108e-8
1.7703646421432495e-8
2.0604801177978514e-8
2.3701336979866027e-8
2.7480342984199522e-8
3.274529576301575e-8
4.0370532870292665e-8
4.945288598537445e-8
5.774191617965698e-8
6.078986525535583e-8
6.01764440536499e-8
6.056268811225891e-8
6.28612995147705e-8
6.405287384986877e-8
6.161346435546874e-8
5.8683264255523676e-8
5.750710368156433e-8
6.255025267601013e-8
7.136698365211486e-8
7.784622907638549e-8
8.477335572242736e-8
8.717753887176514e-8
8.364872932434082e-8
7.811659574508667e-8
7.198880910873413e-8
6.665869951248169e-8
6.547386646270752e-8
7.267502546310424e-8
7.665038108825683e-8
7.436715960502624e-8
7.426904439926148e-8
7.58736789226532e-8
7.696387767791748e-8
7.551588416099547e-8
7.489818334579468e-8
7.636381983757019e-8
7.879035472869873e-8
7.966337203979492e-8
8.059987425804137e-8
8.274253606796264e-8
8.503435850143433e-8
8.394798636436462e-8
7.789371013641357e-8
6.957778930664062e-8
6.08747124671936e-8
5.38809597492218e-8
4.537291824817657e-8
3.5380372405052184e-8
2.700008451938629e-8
2.0244055986404417e-8
1.4719490706920623e-8
1.0081802308559417e-8
6.6481150686740875e-9
4.2320866137743e-9
2.4639192968606946e-9
1.3539252802729607e-9
7.42516852915287e-10
4.1240197606384753e-10
2.1668658591806888e-10
1.0508726118132472e-10
4.9109250539913774e-11
2.2474498837254942e-11
1.0348133218940347e-11
4.966552660334855e-12
2.7460077035357244e-12
1.9009914467460476e-12
1.5502673704759218e-12
1.3709519407711922e-12
1.2473793503886554e-12
1.1393826753192114e-12
1.0700633538363034e-12
1.1337335308780893e-12
1.3457183740683831e-12
1.5920375517453066e-12
1.8074333638651296e-12
1.9872080883942542e-12
2.044852044491563e-12
1.2776912399203864e-13
3.215303649994894e-13
4.3283721424813844e-13
5.314649570209439e-13
6.483024662884417e-13
7.842036211513913e-13
9.326005965704098e-13
1.1271331459283828e-12
1.4846227713860572e-12
2.1747426217189057e-12
3.781252235057764e-12
8.468300802633165e-12
2.216824796050787e-11
5.522491410374641e-11
1.3459518086165188e-10
3.352525644004345e-10
7.857147604227065e-10
1.5544346533715725e-9
2.5198463350534438e-9
3.801193088293076e-9
5.378592759370804e-9
7.162696868181228e-9
9.354740381240844e-9
1.2098719179630278e-8
1.5244010090827942e-8
1.839199066162109e-8
2.1307262778282166e-8
2.4351647496223448e-8
2.7965271472930906e-8
3.310961127281189e-8
4.081245958805084e-8
5.0198912620544434e-8
5.881924629211425e-8
6.143228411674499e-8
6.009443402290343e-8
6.004652380943298e-8
6.203039288520813e-8
6.312124133110045e-8
6.084319353103637e-8
5.792165398597717e-8
5.6692993640899656e-8
6.18744134902954e-8
7.069070339202881e-8
7.730700373649597e-8
8.417286872863769e-8
8.579979538917541e-8
8.211288452148438e-8
7.663921117782592e-8
7.089784145355224e-8
6.563612818717956e-8
6.449882984161377e-8
7.25102961063385e-8
7.705076932907104e-8
7.419061064720154e-8
7.395372986793518e-8
7.578648924827575e-8
7.699616551399231e-8
7.549234628677368e-8
7.470086812973022e-8
7.591845393180847e-8
7.82764434814453e-8
7.930275797843933e-8
8.045021891593932e-8
8.243009448051453e-8
8.443688154220581e-8
8.33854854106903e-8
7.746999859809875e-8
6.920396089553833e-8
6.051292419433593e-8
5.392336845397949e-8
4.5833167433738707e-8
3.5985651612281796e-8
2.7663928270339964e-8
2.1006710827350616e-8
1.5540575981140137e-8
1.0830827802419661e-8
7.240514457225799e-9
4.6743098646402355e-9
2.7649985626339913e-9
1.5363742597401142e-9
8.499890565872192e-10
4.792043007910252e-10
2.571938093751669e-10
1.2724276166409252e-10
6.03807857260108e-11
2.8083263896405695e-11
1.3083151134196669e-11
6.191266584210097e-12
3.240376099711284e-12
2.0829782442888242e-12
1.6075398889370262e-12
1.3814687918056733e-12
1.243727183464216e-12
1.135594993684208e-12
1.071562019205885e-12
1.149120453192154e-12
1.383824292133795e-12
1.6398951629525982e-12
1.8315267880097962e-12
1.9681521735037675e-12
1.9905235603800976e-12
1.256211362488102e-13
3.180465228069806e-13
4.3070954234281086e-13
5.311117547535105e-13
6.480783213191898e-13
7.817148798494599e-13
9.281596248911227e-13
1.1289297617622651e-12
1.5246429029502904e-12
2.3652813979424535e-12
4.468589759198948e-12
1.071841106750071e-11
2.8678731177933512e-11
7.019919576123357e-11
1.6813345719128845e-10
4.1632261127233506e-10
9.646585211157799e-10
1.8709078431129453e-9
2.9485324397683142e-9
4.309103265404701e-9
5.9302385896444316e-9
7.739878445863723e-9
9.973815828561782e-9
1.2762302160263061e-8
1.5933641791343688e-8
1.9091510772705077e-8
2.1980080008506773e-8
2.4936442077159882e-8
2.842964231967926e-8
3.352485597133636e-8
4.1329911351203916e-8
5.094777345657349e-8
5.968943238258361e-8
6.190359592437744e-8
6.000158786773681e-8
5.9548234939575194e-8
6.125776767730713e-8
6.226202249526978e-8
6.005800366401673e-8
5.716524720191955e-8
5.596705079078674e-8
6.121923923492432e-8
7.003347277641296e-8
7.669545412063599e-8
8.342394828796386e-8
8.449852466583251e-8
8.07030737400055e-8
7.526960968971252e-8
6.979035139083863e-8
6.466808915138244e-8
6.371931433677673e-8
7.227148413658142e-8
7.717898488044738e-8
7.404503226280212e-8
7.376003265380859e-8
7.569218277931213e-8
7.696909308433532e-8
7.54248559474945e-8
7.449560165405273e-8
7.553151249885559e-8
7.78338611125946e-8
7.895095944404601e-8
8.021690249443053e-8
8.208402991294861e-8
8.391000032424927e-8
8.286589980125427e-8
7.702993750572205e-8
6.883752346038818e-8
6.02492332458496e-8
5.3963923454284665e-8
4.6204954385757447e-8
3.6539632081985474e-8
2.8317871689796446e-8
2.1743309497833253e-8
1.6323122382164e-8
1.1560925841331482e-8
7.848545908927916e-9
5.138160288333892e-9
3.0812954530119895e-9
1.734914816915989e-9
9.704681113362312e-10
5.538234952837229e-10
3.0229326803237197e-10
1.5250962460413574e-10
7.368756341747939e-11
3.479084116406739e-11
1.639247639104724e-11
7.721401925664395e-12
3.884937905240804e-12
2.332098301849328e-12
1.6920817870413883e-12
1.4034299965715036e-12
1.2450280337361619e-12
1.133532714447938e-12
1.0751173249445856e-12
1.165479261544533e-12
1.4172118426358792e-12
1.6782052625785582e-12
1.8504495528759432e-12
1.9536933905328624e-12
1.947546115843579e-12
1.2454290754249087e-13
3.162273515044944e-13
4.29433794124634e-13
5.300144493958214e-13
6.466351351264165e-13
7.796928002790081e-13
9.28435747482581e-13
1.141298525908496e-12
1.5913130482658744e-12
2.638673140609171e-12
5.420784509624354e-12
1.3730747741647063e-11
3.66411724826321e-11
8.819913491606712e-11
2.1013757213950156e-10
5.137048196047545e-10
1.1764880269765854e-9
2.2343521937727926e-9
3.3998861908912657e-9
4.827417433261871e-9
6.490823626518249e-9
8.331838250160217e-9
1.0609203577041625e-8
1.3444742560386658e-8
1.6644172370433807e-8
1.9811499118804932e-8
2.264954149723053e-8
2.548796534538269e-8
2.89108008146286e-8
3.399854302406311e-8
4.1905662417411804e-8
5.1570188999176024e-8
6.01568579673767e-8
6.224513053894043e-8
5.999959111213683e-8
5.913549661636352e-8
6.054515838623046e-8
6.143046617507934e-8
5.9390342235565184e-8
5.657711625099182e-8
5.537958145141601e-8
6.052308678627014e-8
6.926707029342652e-8
7.608387470245361e-8
8.253974318504332e-8
8.312583565711975e-8
7.934879064559936e-8
7.39636242389679e-8
6.856178045272827e-8
6.36561930179596e-8
6.320407390594482e-8
7.233424782752991e-8
7.729421854019165e-8
7.388423681259155e-8
7.353556752204895e-8
7.55024492740631e-8
7.688083052635193e-8
7.529935836791992e-8
7.420783042907714e-8
7.515896558761596e-8
7.744318842887878e-8
7.857111692428588e-8
7.981180548667908e-8
8.147079348564148e-8
8.320006132125854e-8
8.231865167617797e-8
7.66841471195221e-8
6.862481832504272e-8
6.0024493932724e-8
5.400394797325134e-8
4.670557379722595e-8
3.715316653251648e-8
2.8955495357513426e-8
2.242104113101959e-8
1.705176830291748e-8
1.232231929898262e-8
8.495068550109863e-9
5.619784444570541e-9
3.4215301275253294e-9
1.949978619813919e-9
1.1020285077393054e-9
6.354673765599728e-10
3.5202526487410065e-10
1.8110112287104128e-10
8.906933362595737e-11
4.2725505772978065e-11
2.0379782654345035e-11
9.611267887521534e-12
4.71088605991099e-12
2.6644689569366163e-12
1.812100163078867e-12
1.4398018720385151e-12
1.2523337318270933e-12
1.134657759394031e-12
1.0810137609951198e-12
1.1817150152637622e-12
1.442957727704197e-12
1.7088901586248538e-12
1.8699842257774432e-12
1.947020246007014e-12
1.9159046132699587e-12
1.2812373597625993e-13
3.2063733215181853e-13
4.301465196476783e-13
5.262120794213842e-13
6.430295343307079e-13
7.822626685083378e-13
9.449771823710762e-13
1.1666205864457879e-12
1.6576639609411358e-12
2.9531804102589375e-12
6.75356131978333e-12
1.83713564183563e-11
4.6588992699980737e-11
1.084744930267334e-10
2.6434618048369884e-10
6.301943678408861e-10
1.4575176872313022e-9
2.7247456833720207e-9
3.849790617823601e-9
5.3237780928611755e-9
7.03771561384201e-9
8.95400121808052e-9
1.1352382600307464e-8
1.4299163222312926e-8
1.7517487704753875e-8
2.0737402141094207e-8
2.3492363095283507e-8
2.6045483350753784e-8
2.9521548748016357e-8
3.463881909847259e-8
4.2604073882102966e-8
5.148683190345764e-8
5.89083731174469e-8
6.238008737564087e-8
6.075841188430785e-8
5.9188079833984374e-8
5.995464920997619e-8
6.054993867874145e-8
5.949245095252991e-8
5.6991726160049433e-8
5.536303520202636e-8
5.94262957572937e-8
6.77594006061554e-8
7.580832839012146e-8
8.124892115592956e-8
8.091511726379394e-8
7.78110682964325e-8
7.254750728607178e-8
6.64391815662384e-8
6.201822161674499e-8
6.382641196250915e-8
7.482568025588989e-8
7.827444076538086e-8
7.357032299041747e-8
7.274942994117737e-8
7.467987537384033e-8
7.657685279846191e-8
7.494187951087951e-8
7.339822649955749e-8
7.461411356925964e-8
7.709014415740967e-8
7.793644070625305e-8
7.853310108184815e-8
7.919853925704955e-8
8.099077343940734e-8
8.136062622070312e-8
7.690074443817138e-8
6.934711933135986e-8
5.976997017860412e-8
5.403128862380981e-8
4.839364290237426e-8
3.8461264967918393e-8
2.965371310710907e-8
2.284669578075409e-8
1.758040189743042e-8
1.3383644819259643e-8
9.391447156667708e-9
6.129948794841766e-9
3.823018819093704e-9
2.195949852466583e-9
1.236299704760313e-9
7.121665868908166e-10
4.014206118881702e-10
2.1328458096832037e-10
1.0639592073857783e-10
5.1721732597798105e-11
2.5110653950832782e-11
1.1976089444942773e-11
5.784248060081154e-12
3.1002760806586593e-12
1.974432962015271e-12
1.4924929928383789e-12
1.2664927453442943e-12
1.1412314961489755e-12
1.093687387765385e-12
1.1974043445661664e-12
1.4427381756831891e-12
1.7275746358791365e-12
1.915516986628063e-12
1.9740204152185468e-12
1.906754005176481e-12
1.3080741609883262e-13
3.2347456908610185e-13
4.2966189539583864e-13
5.237872755969874e-13
6.419997589546256e-13
7.884503247623797e-13
9.603223588783293e-13
1.2017176231893246e-12
1.7811673387768678e-12
3.4584452805574983e-12
8.65891925059259e-12
2.359928184887394e-11
5.836509517394006e-11
1.358787529170513e-10
3.26606840826571e-10
7.801917381584644e-10
1.7858047038316727e-9
3.1924877315759656e-9
4.3476752936840055e-9
5.841009691357613e-9
7.615328580141067e-9
9.613809734582901e-9
1.2113915383815764e-8
1.5136858820915222e-8
1.8410955369472503e-8
2.1622553467750547e-8
2.4234028160572052e-8
2.6675474643707275e-8
3.0112633109092714e-8
3.521938920021057e-8
4.299608767032623e-8
5.1277410984039304e-8
5.828004479408264e-8
6.248643398284911e-8
6.11113965511322e-8
5.9126073122024535e-8
5.9477573633193965e-8
6.003768444061279e-8
5.950602293014526e-8
5.712899565696716e-8
5.509647727012634e-8
5.851549506187439e-8
6.661208868026733e-8
7.516568303108215e-8
7.98442244529724e-8
7.904287576675414e-8
7.625082731246948e-8
7.099441289901734e-8
6.469359993934631e-8
6.092055439949035e-8
6.422663331031799e-8
7.65204131603241e-8
7.909587621688842e-8
7.350636720657349e-8
7.217806577682495e-8
7.399437427520752e-8
7.616572380065917e-8
7.448784708976745e-8
7.272934317588806e-8
7.409528493881225e-8
7.660462856292725e-8
7.718526721000671e-8
7.726561427116394e-8
7.726334929466248e-8
7.912948727607727e-8
8.037991523742675e-8
7.680437564849854e-8
6.970826387405395e-8
5.981754660606383e-8
5.433194041252136e-8
4.95589405298233e-8
3.966025114059448e-8
3.0455809831619264e-8
2.340393364429474e-8
1.8208400905132292e-8
1.4219938218593597e-8
1.02555051445961e-8
6.7581959068775175e-9
4.223356768488884e-9
2.4612098932266233e-9
1.3897214084863663e-9
8.008887059986591e-10
4.55499580129981e-10
2.469688421115279e-10
1.2623954098671675e-10
6.225000834092498e-11
3.0652445275336503e-11
1.4792282308917492e-11
7.105023541953414e-12
3.665957410703413e-12
2.1923653548583387e-12
1.5690497093601152e-12
1.2912477359350305e-12
1.1522535714902915e-12
1.1047261978092137e-12
1.2070193406543693e-12
1.4544126315740867e-12
1.7485845091869122e-12
1.9464381693978794e-12
1.997358413063921e-12
1.9085164240095764e-12
1.3271878742671106e-13
3.2502596241101853e-13
4.2911110540444497e-13
5.22550726600457e-13
6.435469003918114e-13
7.960151378938462e-13
9.799836334423161e-13
1.258706015505595e-12
1.983309630304575e-12
4.2088489863090215e-12
1.0992611350957304e-11
2.983378071803599e-11
7.334559923037886e-11
1.687892712652683e-10
4.0478701703250405e-10
9.59412008523941e-10
2.1329907700419426e-9
3.691601380705833e-9
4.863392934203148e-9
6.390572339296341e-9
8.224746584892272e-9
1.0300298780202865e-8
1.2882338464260101e-8
1.598059982061386e-8
1.928977519273758e-8
2.245609015226364e-8
2.496047019958496e-8
2.7301350235939025e-8
3.067644238471985e-8
3.56832355260849e-8
4.3214866518974305e-8
5.109985470771789e-8
5.795788764953613e-8
6.254218220710754e-8
6.124786734580994e-8
5.8999705314636226e-8
5.9108686447143554e-8
5.970360040664672e-8
5.944353938102722e-8
5.707009434700012e-8
5.471574068069458e-8
5.77278196811676e-8
6.563516855239868e-8
7.430655956268311e-8
7.842295169830322e-8
7.736082077026367e-8
7.469112277030944e-8
6.945237517356873e-8
6.324060559272766e-8
6.011711955070496e-8
6.446837186813354e-8
7.771182656288147e-8
7.97728657722473e-8
7.355638742446899e-8
7.175943255424499e-8
7.341972589492798e-8
7.570356726646424e-8
7.399247884750366e-8
7.213576436042785e-8
7.357288002967834e-8
7.603183388710022e-8
7.636696100234984e-8
7.603259086608886e-8
7.558438181877136e-8
7.751622200012207e-8
7.939164042472838e-8
7.65099287033081e-8
6.985552310943604e-8
5.997589230537414e-8
5.4744088649749754e-8
5.0509047508239744e-8
4.071135520935058e-8
3.129557371139526e-8
2.4057351052761078e-8
1.8864107131958006e-8
1.5004307031631468e-8
1.1061426997184753e-8
7.4132099747657775e-9
4.671598225831985e-9
2.7385694906115532e-9
1.5599756501615046e-9
9.0184286236763e-10
5.159182008355856e-10
2.8363801538944244e-10
1.4791771536692977e-10
7.441992638632655e-11
3.7155803875066335e-11
1.8127489602193235e-11
8.70741787366569e-12
4.377665754873306e-12
2.4803275664453393e-12
1.6756068362155928e-12
1.3290388778841588e-12
1.1678664122882764e-12
1.1149671991006471e-12
1.2175577467132825e-12
1.4683240806334652e-12
1.7701035176287404e-12
1.9723021978279574e-12
2.0174802557448854e-12
1.9167222490068526e-12
1.3397985867413808e-13
3.2591001399850935e-13
4.287751835363451e-13
5.227218025538604e-13
6.467233106377534e-13
8.064027497312053e-13
1.0095247489516623e-12
1.3502323781722225e-12
2.291072996740695e-12
5.188563227420673e-12
1.3850937830284237e-11
3.759505925700068e-11
9.159141918644309e-11
2.097194083034992e-10
4.994891583919525e-10
1.1597315780818462e-9
2.509385161101818e-9
4.216134175658226e-9
5.40790669620037e-9
6.969068199396133e-9
8.863776922225952e-9
1.1005383729934692e-8
1.3661079108715057e-8
1.6820946335792542e-8
2.0142944157123565e-8
2.3261761665344238e-8
2.5667956471443174e-8
2.7907270193099973e-8
3.118390142917633e-8
3.60442578792572e-8
4.3349325656890866e-8
5.0980764627456665e-8
5.7784020900726316e-8
6.255202889442444e-8
6.126441955566407e-8
5.884560346603393e-8
5.8818131685256956e-8
5.9450012445449826e-8
5.931339859962463e-8
5.6882107257843014e-8
5.428228974342346e-8
5.701359510421753e-8
6.473527550697326e-8
7.332448363304138e-8
7.702176570892333e-8
7.579224705696105e-8
7.316029071807861e-8
6.798577308654785e-8
6.200673580169678e-8
5.947719812393188e-8
6.459582448005676e-8
7.856593132019042e-8
8.032251000404357e-8
7.365109920501709e-8
7.14466392993927e-8
7.293121218681335e-8
7.52250850200653e-8
7.348453402519226e-8
7.158047556877136e-8
7.303558588027954e-8
7.54010796546936e-8
7.551325559616088e-8
7.484652996063231e-8
7.410066723823547e-8
7.608405947685241e-8
7.841054201126098e-8
7.609042525291442e-8
6.986409425735473e-8
6.015708446502685e-8
5.518989562988281e-8
5.134715437889099e-8
4.165404438972473e-8
3.212941884994507e-8
2.47619092464447e-8
1.9548064470291136e-8
1.5765260159969328e-8
1.1836832016706466e-8
8.070758730173111e-9
5.148989334702492e-9
3.041991963982582e-9
1.7438121140003204e-9
1.0148372501134873e-9
5.837671458721161e-10
3.241398837417364e-10
1.7177208792418242e-10
8.807410486042499e-11
4.473107983358204e-11
2.2068941325414925e-11
1.0631597251631319e-11
5.257328666630201e-12
2.850506098184269e-12
1.819829049054533e-12
1.3827992006554268e-12
1.189224531117361e-12
1.1268173693679273e-12
1.2287596291571388e-12
1.4834658031759318e-12
1.790974783943966e-12
1.9956249161623417e-12
2.0366353055578655e-12
1.9284168956801294e-12
1.3327921806194354e-13
3.244958634240902e-13
4.303193236410152e-13
5.253885774436639e-13
6.510569164674962e-13
8.163378879544325e-13
1.0404335625935345e-12
1.4660367014585062e-12
2.6721634640125557e-12
6.474846304627135e-12
1.8096627900376916e-11
4.87641169456765e-11
1.1425033444538712e-10
2.597140613943338e-10
6.164171267300844e-10
1.4247509650886059e-9
3.064209967851639e-9
4.722670465707779e-9
5.8936685323715205e-9
7.695455104112624e-9
9.606583416461944e-9
1.1720980703830718e-8
1.4334957301616669e-8
1.7578455805778502e-8
2.112360596656799e-8
2.4109327793121338e-8
2.6052755117416382e-8
2.8353479504585265e-8
3.207326531410217e-8
3.7172752618789674e-8
4.371655881404877e-8
5.0359195470809937e-8
5.665634274482727e-8
6.21874213218689e-8
6.199380755424499e-8
5.932912230491638e-8
5.89112102985382e-8
5.9214794635772705e-8
5.901460647583008e-8
5.646072030067444e-8
5.3223490715026856e-8
5.575072169303894e-8
6.36808156967163e-8
7.223806977272034e-8
7.595583796501159e-8
7.470183968544007e-8
7.159090042114257e-8
6.663352847099304e-8
6.143144369125366e-8
5.99816620349884e-8
6.614264845848083e-8
7.827668190002441e-8
7.924935817718505e-8
7.373026609420776e-8
7.151985764503479e-8
7.249951958656311e-8
7.427590489387512e-8
7.228315472602844e-8
7.044682502746582e-8
7.203850150108337e-8
7.440425157546997e-8
7.453771829605102e-8
7.40547001361847e-8
7.349210977554321e-8
7.53001868724823e-8
7.72432804107666e-8
7.510280013084411e-8
6.938801407814026e-8
6.028376221656799e-8
5.500670671463013e-8
5.147451162338257e-8
4.322586357593536e-8
3.3741816878318784e-8
2.592906355857849e-8
2.0511908829212187e-8
1.6641734540462493e-8
1.2545056641101836e-8
8.668415248394012e-9
5.607073009014129e-9
3.3581215888261793e-9
1.9457288086414335e-9
1.1328595690429211e-9
6.533347070217132e-10
3.670795354992151e-10
1.9778292626142501e-10
1.0320754954591394e-10
5.307317478582263e-11
2.6540845283307133e-11
1.2897356646135449e-11
6.341758853523061e-12
3.350529004819691e-12
2.032681913988199e-12
1.4611439837608486e-12
1.2148849236837123e-12
1.1447285032772925e-12
1.2484639228205196e-12
1.502075701864669e-12
1.8084530893247574e-12
2.020171086769551e-12
2.0637900888687e-12
1.9431658074609002e-12
1.3175914546081913e-13
3.2329644454875957e-13
4.323955181462224e-13
5.291562956699636e-13
6.564877367054578e-13
8.288820026791654e-13
1.0845307770068757e-12
1.616293957340531e-12
3.171336356899701e-12
8.280068868771196e-12
2.39670422160998e-11
6.295579951256514e-11
1.4263673219829798e-10
3.2131944317370654e-10
7.643360178917646e-10
1.7756514251232146e-9
3.6662403494119644e-9
5.252182483673096e-9
6.443638354539871e-9
8.465034514665604e-9
1.0391987860202788e-8
1.2412597239017486e-8
1.4977727830410004e-8
1.8359988927841187e-8
2.209123820066452e-8
2.4833287298679352e-8
2.6390954852104186e-8
2.8889065980911255e-8
3.3186343312263484e-8
3.8415896892547606e-8
4.39945250749588e-8
4.951461553573608e-8
5.533802509307861e-8
6.179768443107604e-8
6.290621161460877e-8
6.004655957221984e-8
5.9162282943725584e-8
5.8997941017150876e-8
5.858743190765381e-8
5.576518774032593e-8
5.1923608779907224e-8
5.433186292648315e-8
6.253389716148377e-8
7.111652493476867e-8
7.503321170806885e-8
7.377594709396362e-8
7.01492428779602e-8
6.553654670715331e-8
6.131294369697571e-8
6.100913882255553e-8
6.79402470588684e-8
7.747158408164977e-8
7.773869037628174e-8
7.36393928527832e-8
7.1574467420578e-8
7.202927470207214e-8
7.311697602272033e-8
7.079265713691711e-8
6.902646422386169e-8
7.077953219413757e-8
7.322218418121338e-8
7.353736162185668e-8
7.345853447914123e-8
7.323934435844422e-8
7.479405403137206e-8
7.608748078346252e-8
7.393407225608825e-8
6.864193081855774e-8
6.017946600914001e-8
5.459681749343872e-8
5.140150189399719e-8
4.476692080497742e-8
3.5661855340003964e-8
2.744024693965912e-8
2.1695947647094725e-8
1.7615862190723417e-8
1.3274498283863066e-8
9.23628807067871e-9
6.053046137094497e-9
3.6802928894758224e-9
2.159404009580612e-9
1.260826364159584e-9
7.274525240063667e-10
4.1260300204157825e-10
2.2591799497604368e-10
1.198490848764777e-10
6.240779184736311e-11
3.158756881020963e-11
1.5530362725257872e-11
7.65444856369868e-12
3.982812995673157e-12
2.3159162083175033e-12
1.5706100384704769e-12
1.2533724657259882e-12
1.1673317203531041e-12
1.27134853755706e-12
1.522732236480806e-12
1.8276765331393108e-12
2.0456654965528285e-12
2.0920062524965033e-12
1.9620521925389764e-12
1.3076327149974532e-13
3.2328600809705674e-13
4.3434961298771667e-13
5.330200110620354e-13
6.64065237288014e-13
8.508748578606174e-13
1.1547401300049385e-12
1.8333792468183673e-12
3.891392407240346e-12
1.0735219984780996e-11
3.1106441747397185e-11
7.981994422152638e-11
1.778536709025502e-10
3.986738622188568e-10
9.505534544587135e-10
2.155293896794319e-9
4.234052821993828e-9
5.867628380656242e-9
7.0906259119510644e-9
9.213387966156005e-9
1.114075556397438e-8
1.3097377121448516e-8
1.5680862963199614e-8
1.9178189337253568e-8
2.2916743159294128e-8
2.54585325717926e-8
2.690867781639099e-8
2.96099990606308e-8
3.416917622089386e-8
3.919424116611481e-8
4.4042295217514034e-8
4.8837307095527646e-8
5.4507529735565184e-8
6.163216829299926e-8
6.349958777427672e-8
6.056488752365112e-8
5.932607054710388e-8
5.877977609634399e-8
5.8083379268646237e-8
5.493265986442566e-8
5.0785613059997555e-8
5.3128862380981445e-8
6.142052412033081e-8
7.000657320022583e-8
7.404650449752807e-8
7.275511026382446e-8
6.893580555915833e-8
6.471374034881591e-8
6.129481196403503e-8
6.17730975151062e-8
6.89816951751709e-8
7.690988183021545e-8
7.680803537368774e-8
7.339793443679809e-8
7.135990262031555e-8
7.148520350456238e-8
7.204900979995727e-8
6.946227550506592e-8
6.770070195198059e-8
6.954548358917236e-8
7.207396626472473e-8
7.25873053073883e-8
7.282143235206603e-8
7.28233277797699e-8
7.420825958251952e-8
7.508915662765503e-8
7.292574048042298e-8
6.790814399719238e-8
5.986698269844055e-8
5.434304475784302e-8
5.1550102233886716e-8
4.588668048381805e-8
3.7295466661453243e-8
2.8966394066810606e-8
2.2949646413326264e-8
1.8642900884151458e-8
1.407027244567871e-8
9.834494441747664e-9
6.5099149942398065e-9
4.0104009211063384e-9
2.3816652595996856e-9
1.4012917876243591e-9
8.111209608614444e-10
4.6255942434072493e-10
2.563612768426537e-10
1.3811103999614716e-10
7.297410629689693e-11
3.7386146141216156e-11
1.8576823640614746e-11
9.205620881402865e-12
4.7410187107743696e-12
2.664240491867531e-12
1.7157215552288108e-12
1.3101999684295152e-12
1.1948150131502188e-12
1.29314557852922e-12
1.5440025890711694e-12
1.8502294551581145e-12
2.070936716336291e-12
2.1173556888243183e-12
1.983564652618952e-12
1.3026793794779224e-13
3.237526016164338e-13
4.366076154838083e-13
5.377782144933007e-13
6.760428277630126e-13
8.86214093043236e-13
1.2593860446941106e-12
2.148620660591405e-12
4.888265539193526e-12
1.3847483205609023e-11
3.976689476985484e-11
1.0045056696981191e-10
2.2160846274346112e-10
4.958029836416244e-10
1.1640741489827632e-9
2.545026130974293e-9
4.83923815190792e-9
6.545653939247131e-9
7.775623351335526e-9
9.961586445569991e-9
1.1872334033250809e-8
1.3799402117729186e-8
1.6414076089859007e-8
1.9960656762123108e-8
2.3663674294948576e-8
2.6098620891571044e-8
2.7537208795547483e-8
3.0365705490112306e-8
3.496597409248352e-8
3.969298601150513e-8
4.3979883193969724e-8
4.832395315170288e-8
5.3985655307769776e-8
6.157453656196595e-8
6.390941143035889e-8
6.092689633369446e-8
5.9403270483016964e-8
5.851971507072449e-8
5.7508713006973265e-8
5.407031774520874e-8
4.9764159321784974e-8
5.205951333045959e-8
6.035130620002746e-8
6.891184449195862e-8
7.301997542381286e-8
7.171772718429565e-8
6.79021656513214e-8
6.407574415206909e-8
6.129928231239319e-8
6.230154037475585e-8
6.959161162376403e-8
7.652135491371154e-8
7.618872523307799e-8
7.307379841804504e-8
7.099970579147339e-8
7.088181972503662e-8
7.104151248931885e-8
6.825002431869506e-8
6.645969748497009e-8
6.835301518440247e-8
7.096163034439087e-8
7.16638445854187e-8
7.214320302009582e-8
7.229933142662048e-8
7.357435822486877e-8
7.41929292678833e-8
7.202119231224059e-8
6.719557642936706e-8
5.9472948312759394e-8
5.415312051773071e-8
5.1774138212203977e-8
4.68104749917984e-8
3.869412839412689e-8
3.041930794715881e-8
2.4239613115787504e-8
1.9730864465236664e-8
1.4918315410614014e-8
1.047016829252243e-8
6.9839246571063995e-9
4.349895566701889e-9
2.6135863736271858e-9
1.551956683397293e-9
9.037011303007602e-10
5.18059404566884e-10
2.896330552175641e-10
1.5810613986104726e-10
8.475921349599958e-11
4.399942117743194e-11
2.2098209592513738e-11
1.1019632074749097e-11
5.645131750497966e-12
3.089428355451673e-12
1.900703864521347e-12
1.3866025255993008e-12
1.2298289220780134e-12
1.31652768686763e-12
1.5661247743992134e-12
1.8740034647635182e-12
2.0963338101864792e-12
2.1424581063911317e-12
2.006035538215656e-12
1.3009971553401554e-13
3.242625098209828e-13
4.390825779410079e-13
5.451439392345492e-13
6.949183898541378e-13
9.366818630951456e-13
1.4063888556847814e-12
2.5871968318824653e-12
6.214785389602184e-12
1.782837207429111e-11
5.10290265083313e-11
1.2697454076260328e-10
2.761690178886056e-10
6.146019790321588e-10
1.4067428186535834e-9
2.984553575515747e-9
5.501814559102058e-9
7.2587907314300535e-9
8.522193133831024e-9
1.070353165268898e-8
1.2584738433361054e-8
1.4550201594829558e-8
1.7203372716903687e-8
2.0736411213874816e-8
2.43658185005188e-8
2.6771822571754455e-8
2.8262436389923096e-8
3.113181889057159e-8
3.557643294334411e-8
3.993557691574096e-8
4.382181167602539e-8
4.80388730764389e-8
5.3715735673904417e-8
6.132898330688476e-8
6.408283710479736e-8
6.122293472290039e-8
5.940566658973694e-8
5.819937586784363e-8
5.682006478309631e-8
5.3168547153472896e-8
4.88530158996582e-8
5.113817453384399e-8
5.93987226486206e-8
6.782863736152648e-8
7.188702821731567e-8
7.063583135604859e-8
6.699761748313903e-8
6.356427669525147e-8
6.12388014793396e-8
6.258224248886108e-8
6.989201307296753e-8
7.619351148605346e-8
7.567285895347594e-8
7.266588807106018e-8
7.059259414672851e-8
7.024757266044616e-8
7.000158429145813e-8
6.710060238838196e-8
6.530427336692809e-8
6.722856760025025e-8
6.99297308921814e-8
7.084107995033264e-8
7.160342931747436e-8
7.189264893531799e-8
7.285867929458618e-8
7.315801978111266e-8
7.114474177360535e-8
6.660473346710205e-8
5.913891792297363e-8
5.407962203025818e-8
5.201517939567566e-8
4.753478169441223e-8
3.992816507816314e-8
3.1901621818542476e-8
2.5627914071083066e-8
2.0813247561454772e-8
1.5776422619819642e-8
1.1136815696954726e-8
7.466385513544083e-9
4.694133624434471e-9
2.8527207672595977e-9
1.7102282494306564e-9
1.0030623525381088e-9
5.786782596260309e-10
3.2549542374908925e-10
1.7965441802516578e-10
9.760886896401643e-11
5.1249400712549684e-11
2.6076426729559898e-11
1.3120996300131081e-11
6.712084723403677e-12
3.5986908187624067e-12
2.127699008269701e-12
1.4845121768303214e-12
1.275073373108171e-12
1.34705060190754e-12
1.5921072190394625e-12
1.891478314064443e-12
2.1176923837629145e-12
2.1717291019740515e-12
2.0304507415858095e-12
1.2999339560337829e-13
3.2242685392702695e-13
4.403402726893546e-13
5.587744453805499e-13
7.224748515000101e-13
9.87681960396003e-13
1.561538920213934e-12
3.1326526368502528e-12
8.123497536871582e-12
2.3922233958728612e-11
7.08342995494604e-11
1.6810708912089466e-10
3.441352397203445e-10
7.797772530466317e-10
1.7595499753952025e-9
3.6417096853256225e-9
6.2882006168365476e-9
7.923795282840728e-9
9.526129066944123e-9
1.1387450248003006e-8
1.316523253917694e-8
1.5553267300128936e-8
1.8396008014678956e-8
2.1676470339298247e-8
2.4942459166049957e-8
2.7474787831306455e-8
2.9332461953163147e-8
3.2173314690589906e-8
3.587297201156616e-8
3.952064514160156e-8
4.330781102180481e-8
4.845292568206787e-8
5.38551390171051e-8
5.957574248313904e-8
6.333842277526855e-8
6.178213953971863e-8
5.9385746717453e-8
5.778398513793945e-8
5.566505193710327e-8
5.1969110965728755e-8
4.8167142271995543e-8
5.065860152244568e-8
5.8959996700286863e-8
6.670872569084167e-8
7.015845775604247e-8
6.913403868675231e-8
6.61190390586853e-8
6.315382122993469e-8
6.080800890922545e-8
6.228458285331725e-8
6.966550946235656e-8
7.559205889701843e-8
7.483084201812744e-8
7.195681333541869e-8
7.035450339317322e-8
6.96586012840271e-8
6.850585341453552e-8
6.58428966999054e-8
6.427292227745056e-8
6.626937389373779e-8
6.923385858535767e-8
7.05947995185852e-8
7.221001386642455e-8
7.27224051952362e-8
7.177311182022095e-8
7.08621323108673e-8
6.99933111667633e-8
6.665365695953368e-8
5.937931537628174e-8
5.463491082191467e-8
5.226326584815979e-8
4.765823483467102e-8
4.1066464781761165e-8
3.4170567989349365e-8
2.7693423628807066e-8
2.158754914999008e-8
1.6379120945930482e-8
1.1784952133893966e-8
7.875715941190719e-9
4.99635599553585e-9
3.082010522484779e-9
1.8624233081936836e-9
1.0990015231072903e-9
6.392656359821558e-10
3.5885360557585956e-10
2.0026469137519598e-10
1.1010332964360714e-10
5.7710224064067006e-11
3.002672165166586e-11
1.544576953165233e-11
7.944812386995181e-12
4.167914448771625e-12
2.3774071451043708e-12
1.601153053343296e-12
1.3367019164434168e-12
1.407629042660119e-12
1.6347516066161914e-12
1.8652586732059718e-12
2.1086663764435797e-12
2.2257125237956643e-12
2.0654808395192956e-12
1.2958914794580776e-13
3.2235179787676314e-13
4.4605562834476586e-13
5.743086603615666e-13
7.542214916611555e-13
1.0661919077392666e-12
1.8012324289884417e-12
3.923685289919376e-12
1.0710686183301732e-11
3.275663766544312e-11
9.498072904534637e-11
2.1535258274525402e-10
4.370394628494978e-10
9.787140414118766e-10
2.1691426634788512e-9
4.2833454906940456e-9
7.082626223564148e-9
8.830584585666655e-9
1.0314565896987915e-8
1.2106429040431975e-8
1.3980668783187865e-8
1.6557061672210694e-8
1.9409668445587158e-8
2.2490614652633667e-8
2.566656470298767e-8
2.8332489728927612e-8
3.027757406234741e-8
3.28366219997406e-8
3.600736558437347e-8
3.9254024624824524e-8
4.313613474369049e-8
4.8547407984733577e-8
5.3497344255447385e-8
5.8482128381729124e-8
6.28557026386261e-8
6.189310550689697e-8
5.923280715942382e-8
5.722001791000366e-8
5.465823411941528e-8
5.0990581512451166e-8
4.750038385391235e-8
5.012683272361755e-8
5.833609700202941e-8
6.55782401561737e-8
6.865515112876892e-8
6.780890226364136e-8
6.524274349212646e-8
6.263851523399352e-8
6.03928029537201e-8
6.197094917297362e-8
6.93395972251892e-8
7.500092983245849e-8
7.410519123077392e-8
7.131970524787903e-8
6.992572546005248e-8
6.894819736480713e-8
6.725936532020569e-8
6.469209194183349e-8
6.324070692062377e-8
6.535464525222778e-8
6.858692765235901e-8
7.036501169204712e-8
7.254691123962402e-8
7.307960391044617e-8
7.089804410934448e-8
6.922164559364318e-8
6.892702579498291e-8
6.63941204547882e-8
5.9496599435806274e-8
5.502194166183471e-8
5.2591067552566525e-8
4.806505143642425e-8
4.213641583919525e-8
3.598993122577667e-8
2.9503524303436277e-8
2.2763681411743164e-8
1.708455681800842e-8
1.2363067269325256e-8
8.333910256624222e-9
5.309444293379783e-9
3.3098813146352765e-9
2.0221680402755738e-9
1.20210787281394e-9
7.028970867395401e-10
3.968305420130491e-10
2.2234991192817688e-10
1.2335465289652346e-10
6.527371006086468e-11
3.425018512643873e-11
1.7967702297028152e-11
9.342603880213572e-12
4.855220686295069e-12
2.686172410903964e-12
1.7420557924197055e-12
1.4151468349155037e-12
1.4631923477281817e-12
1.6618365407339296e-12
1.8689444914343764e-12
2.1152449335204436e-12
2.253141428809613e-12
2.1061414372525177e-12
1.2936217217429656e-13
3.245092784709413e-13
4.542960596154444e-13
5.932783551543252e-13
7.983134310052265e-13
1.1842950698337517e-12
2.1549298253376035e-12
5.02234797750134e-12
1.4402702799998222e-11
4.407484375406057e-11
1.2392004719004036e-10
2.759962575510144e-10
5.515718832612037e-10
1.2160826474428177e-9
2.602170966565609e-9
4.941060766577721e-9
7.98809826374054e-9
9.71096083521843e-9
1.1115731298923493e-8
1.290607750415802e-8
1.4866703748703003e-8
1.7521785199642182e-8
2.031712383031845e-8
2.329892814159393e-8
2.6476722955703734e-8
2.920299470424652e-8
3.104576170444488e-8
3.3289787173271175e-8
3.607780635356903e-8
3.9117434620857235e-8
4.3030107021331783e-8
4.842126667499542e-8
5.3026503324508665e-8
5.773953199386596e-8
6.24609887599945e-8
6.177672743797302e-8
5.8940827846527096e-8
5.659428834915161e-8
5.376438498497009e-8
5.0141632556915284e-8
4.6855339407920834e-8
4.954311549663544e-8
5.760484337806701e-8
6.446609497070312e-8
6.73102080821991e-8
6.660864353179931e-8
6.438078880310059e-8
6.207179427146912e-8
5.997008681297302e-8
6.162825226783752e-8
6.895510554313659e-8
7.44255781173706e-8
7.344802021980286e-8
7.070929408073425e-8
6.938447952270508e-8
6.818550229072571e-8
6.616562008857726e-8
6.362325549125671e-8
6.224489212036132e-8
6.448423862457275e-8
6.796528100967407e-8
7.010630369186401e-8
7.267370223999023e-8
7.315400838851928e-8
7.017077803611755e-8
6.799051761627197e-8
6.79644763469696e-8
6.598199605941772e-8
5.948874950408935e-8
5.5292189121246335e-8
5.295395255088806e-8
4.8602941632270814e-8
4.316175580024719e-8
3.755777180194855e-8
3.1170770525932314e-8
2.4035404622554777e-8
1.793127804994583e-8
1.2965819239616393e-8
8.791565895080566e-9
5.641980841755867e-9
3.5433243960142135e-9
2.186417207121849e-9
1.3111249543726443e-9
7.71538121625781e-10
4.3780840933322905e-10
2.4672010913491247e-10
1.377318170852959e-10
7.3533714748919e-11
3.89989698305726e-11
2.070303598884493e-11
1.0902652866207063e-11
5.656792927766219e-12
3.061322058783844e-12
1.915939719765447e-12
1.5056621123221702e-12
1.518208682682598e-12
1.6920315829338505e-12
1.8818313037627374e-12
2.1282245143083854e-12
2.278662759636063e-12
2.1426159946713596e-12
1.296520622418029e-13
3.2842513064679223e-13
4.652918505598791e-13
6.189315172377974e-13
8.623016583442222e-13
1.3584875887318048e-12
2.6555890144663863e-12
6.58416174701415e-12
1.9286765018478034e-11
5.8096542488783595e-11
1.603990327566862e-10
3.512328490614891e-10
6.90644234418869e-10
1.480699609965086e-9
3.060726076364517e-9
5.654827505350113e-9
8.924945443868637e-9
1.0619012266397476e-8
1.1955557018518447e-8
1.3765272498130797e-8
1.5768980979919434e-8
1.843988597393036e-8
2.118387222290039e-8
2.4122031033039092e-8
2.7312856912612913e-8
3.001026213169098e-8
3.166718780994415e-8
3.361704349517822e-8
3.6134448647499085e-8
3.903556764125824e-8
4.29031640291214e-8
4.818061590194702e-8
5.256247520446777e-8
5.717943906784057e-8
6.208807826042175e-8
6.152370572090149e-8
5.8543843030929564e-8
5.594717264175415e-8
5.2951693534851075e-8
4.9374225735664365e-8
4.6223992109298705e-8
4.891988039016724e-8
5.681571960449219e-8
6.338399648666382e-8
6.608045697212218e-8
6.550107002258301e-8
6.353955268859863e-8
6.147990822792053e-8
5.9531599283218384e-8
6.125605702400207e-8
6.853423118591308e-8
7.386341094970702e-8
7.282983660697936e-8
7.010599374771118e-8
6.877825260162353e-8
6.74049437046051e-8
6.517003774642944e-8
6.262247562408447e-8
6.129823327064514e-8
6.365456581115722e-8
6.735532283782959e-8
6.98017418384552e-8
7.26396918296814e-8
7.305306196212769e-8
6.954392790794373e-8
6.70198917388916e-8
6.710333228111266e-8
6.550089716911315e-8
5.938313603401184e-8
5.547366142272949e-8
5.331935882568359e-8
4.919446408748627e-8
4.415077865123749e-8
3.8976886868476866e-8
3.272742331027985e-8
2.533344328403473e-8
1.8865002691745756e-8
1.3623265922069549e-8
9.264403581619262e-9
5.983217060565948e-9
3.78662645816803e-9
2.356039173901081e-9
1.4253067784011364e-9
8.448394015431403e-10
4.822050221264362e-10
2.732163993641734e-10
1.534883165732026e-10
8.256922010332346e-11
4.4222452561371025e-11
2.3742465418763457e-11
1.2628344120457768e-11
6.573004066012799e-12
3.506839129840955e-12
2.126519757439382e-12
1.6110905562527478e-12
1.5784027709742077e-12
1.7260977983823977e-12
1.900859933812171e-12
2.145867983927019e-12
2.3045100533636285e-12
2.175613735744264e-12
1.3232843230071012e-13
3.3535357033542823e-13
4.832100785279181e-13
6.625723472097888e-13
9.591987691237591e-13
1.6140162188094109e-12
3.3864693250507115e-12
8.775123569648713e-12
2.6152131613343953e-11
8.014100603759288e-11
2.0993407815694807e-10
4.353674128651619e-10
8.617804385721683e-10
1.783934235572815e-9
3.5288050770759582e-9
6.473308056592941e-9
1.0034850984811782e-8
1.1649289727210998e-8
1.2745046615600586e-8
1.443527489900589e-8
1.655900776386261e-8
1.915881931781769e-8
2.196392863988876e-8
2.4976937472820282e-8
2.8043675422668456e-8
3.077062964439392e-8
3.259899914264679e-8
3.412707448005676e-8
3.6171239614486696e-8
3.875232636928558e-8
4.250107109546661e-8
4.7951379418373106e-8
5.280553102493286e-8
5.627596974372864e-8
6.002141237258911e-8
6.105406284332276e-8
5.864508748054504e-8
5.531695485115051e-8
5.207352638244629e-8
4.85198974609375e-8
4.5493352413177486e-8
4.8187506198883054e-8
5.60562789440155e-8
6.238796710968017e-8
6.520792841911316e-8
6.499984860420226e-8
6.318374276161193e-8
6.125981211662292e-8
5.915871858596801e-8
6.063572764396667e-8
6.717703938484192e-8
7.268533706665039e-8
7.200338840484619e-8
6.921848058700561e-8
6.765432953834534e-8
6.642175912857056e-8
6.446850895881653e-8
6.186871528625489e-8
6.074022054672241e-8
6.328134536743163e-8
6.680951118469238e-8
6.934325695037842e-8
7.244454622268677e-8
7.341852188110351e-8
6.999842524528503e-8
6.674494743347168e-8
6.61047875881195e-8
6.457954049110412e-8
5.948715806007385e-8
5.60662567615509e-8
5.428766012191772e-8
5.053605437278747e-8
4.528795480728149e-8
3.994296491146087e-8
3.374647498130798e-8
2.607561647891998e-8
1.9453850388526914e-8
1.4253990352153777e-8
9.6907339990139e-9
6.274484097957611e-9
4.0289625525474546e-9
2.5416908785700797e-9
1.5439121052622794e-9
9.17559303343296e-10
5.297519266605377e-10
3.0150962993502613e-10
1.7089996254071594e-10
9.341218392364681e-11
4.994393675588071e-11
2.687365631572902e-11
1.452070428058505e-11
7.683654257562012e-12
4.055396129842848e-12
2.3744449208606967e-12
1.7334497897536493e-12
1.6214944480452685e-12
1.731550037220586e-12
1.927516314026434e-12
2.1786519937450066e-12
2.3414617317030207e-12
2.2190648451214657e-12
1.361629756502225e-13
3.464338306002901e-13
5.106605385662988e-13
7.250697308336385e-13
1.1026441825379152e-12
1.987080213439185e-12
4.421421908773482e-12
1.1846717097796499e-11
3.6359697696752845e-11
1.1012048926204443e-10
2.695803996175527e-10
5.399241577833891e-10
1.0579641908407211e-9
2.1107442677021025e-9
4.054502770304679e-9
7.38411396741867e-9
1.1260756850242614e-8
1.2707260251045226e-8
1.3476823270320892e-8
1.5052303671836853e-8
1.7216162383556366e-8
1.9811093807220458e-8
2.2713170945644378e-8
2.577623128890991e-8
2.8762242197990415e-8
3.161555528640747e-8
3.3557620644569395e-8
3.463640511035919e-8
3.6154252290725704e-8
3.838827610015869e-8
4.2068871855735774e-8
4.781967401504516e-8
5.2991992235183714e-8
5.50175666809082e-8
5.770907402038574e-8
6.037783622741699e-8
5.869970321655273e-8
5.4716229438781736e-8
5.120766758918762e-8
4.76438969373703e-8
4.4718170166015624e-8
4.742448329925537e-8
5.530498623847961e-8
6.150387525558472e-8
6.456901431083679e-8
6.478517055511474e-8
6.307443380355834e-8
6.118828654289245e-8
5.877842903137207e-8
5.983577966690063e-8
6.549355387687683e-8
7.121212482452392e-8
7.09420621395111e-8
6.812924742698669e-8
6.63502275943756e-8
6.535650491714477e-8
6.384506225585938e-8
6.12566590309143e-8
6.038002371788024e-8
6.308571100234985e-8
6.633655428886413e-8
6.888577938079833e-8
7.223818302154541e-8
7.396316528320312e-8
7.085453867912292e-8
6.681082248687744e-8
6.525194644927978e-8
6.363731622695922e-8
5.9603130817413326e-8
5.682297348976135e-8
5.557051301002502e-8
5.2190548181533814e-8
4.654644727706909e-8
4.077307879924774e-8
3.4430965781211854e-8
2.652812898159027e-8
1.9864113628864287e-8
1.4771701395511626e-8
1.0096421092748642e-8
6.552593410015106e-9
4.2626883834600445e-9
2.7311252430081368e-9
1.6692498698830603e-9
9.940146468579768e-10
5.787920206785202e-10
3.3211840782314537e-10
1.9001520704478024e-10
1.0535616893321276e-10
5.646442295983434e-11
3.030453808605671e-11
1.6569298168178646e-11
8.936861559050157e-12
4.7102250391617414e-12
2.6753861675388177e-12
1.8701406588661482e-12
1.666043681325391e-12
1.7370002751704304e-12
1.9496797904139385e-12
2.218310874013696e-12
2.387267522863112e-12
2.268622483825311e-12
1.4037054825166706e-13
3.6238473057892405e-13
5.483535460371058e-13
8.107530447887257e-13
1.3093598681734873e-12
2.5152299713226967e-12
5.864939157618209e-12
1.6266400052700192e-11
5.002945545129478e-11
1.448121736757457e-10
3.413529135286808e-10
6.685171276330948e-10
1.2712673284113407e-9
2.465527132153511e-9
4.655173793435097e-9
8.349837362766266e-9
1.249019131064415e-8
1.3723695278167724e-8
1.423092484474182e-8
1.571061760187149e-8
1.7857654392719268e-8
2.0501834154129027e-8
2.345910221338272e-8
2.653050422668457e-8
2.955104410648346e-8
3.247836828231811e-8
3.427983522415161e-8
3.4974741935729977e-8
3.609359562397003e-8
3.81003737449646e-8
4.1778764128684995e-8
4.766398072242737e-8
5.263411402702331e-8
5.379422307014465e-8
5.61530590057373e-8
5.96587359905243e-8
5.8357173204421995e-8
5.4111158847808834e-8
5.041355490684509e-8
4.68305230140686e-8
4.397707879543304e-8
4.6699097752571106e-8
5.455116033554077e-8
6.071334481239319e-8
6.39890193939209e-8
6.450214982032776e-8
6.29069685935974e-8
6.100733876228332e-8
5.8334016799926755e-8
5.900558829307556e-8
6.407831907272338e-8
6.984017491340637e-8
6.97852611541748e-8
6.7005056142807e-8
6.517456769943236e-8
6.435052752494812e-8
6.313402056694031e-8
6.066155433654784e-8
5.99839448928833e-8
6.279239654541016e-8
6.591659784317016e-8
6.852368116378784e-8
7.209501862525939e-8
7.434496879577636e-8
7.14108645915985e-8
6.685920357704162e-8
6.470023989677429e-8
6.299036145210265e-8
5.960538387298583e-8
5.743640661239624e-8
5.674105882644653e-8
5.365473031997681e-8
4.78101760149002e-8
4.171233177185059e-8
3.513241410255432e-8
2.7048921585083006e-8
2.032145857810974e-8
1.5229220688343046e-8
1.0496538132429123e-8
6.852810084819793e-9
4.495785757899284e-9
2.9156630858778953e-9
1.799723133444786e-9
1.077432744204998e-9
6.304902955889702e-10
3.648540005087852e-10
2.107195323333144e-10
1.1794090969488024e-10
6.372579373419285e-11
3.4287406015209855e-11
1.8839635595213622e-11
1.0280552669428288e-11
5.4473624913953245e-12
3.0353276088135315e-12
2.0313513232395054e-12
1.7313001080765388e-12
1.7619096979615278e-12
1.9711427739821373e-12
2.2547796106664463e-12
2.4347520593437363e-12
2.3172487999545408e-12
1.457164444218506e-13
3.841313173325034e-13
6.002444479236146e-13
9.324377060693223e-13
1.6023506759665906e-12
3.256168565712869e-12
7.924943929538131e-12
2.2303228615783155e-11
6.675508338958025e-11
1.8664064118638635e-10
4.2830798774957654e-10
8.152722381055355e-10
1.5075493603944778e-9
2.8615135699510573e-9
5.307806283235549e-9
9.357035905122757e-9
1.371953785419464e-8
1.4740072190761565e-8
1.500292420387268e-8
1.6378210484981536e-8
1.851944327354431e-8
2.1200688183307646e-8
2.4193273484706876e-8
2.7295726537704466e-8
3.035644292831421e-8
3.3257114887237546e-8
3.484674692153931e-8
3.5197475552558896e-8
3.601778447628021e-8
3.787461519241333e-8
4.153650104999542e-8
4.737802743911743e-8
5.202802419662475e-8
5.2702564001083374e-8
5.4979801177978516e-8
5.891141295433044e-8
5.7823574542999264e-8
5.347460508346557e-8
4.966211915016174e-8
4.606712162494659e-8
4.327286183834076e-8
4.6004259586334225e-8
5.381904244422912e-8
5.998960137367248e-8
6.344035267829895e-8
6.41739547252655e-8
6.267881393432616e-8
6.07397437095642e-8
5.784187912940979e-8
5.818274021148681e-8
6.284104585647583e-8
6.854103803634643e-8
6.859762072563171e-8
6.587651371955872e-8
6.407427191734314e-8
6.338382363319396e-8
6.23843252658844e-8
6.00635290145874e-8
5.955250263214111e-8
6.244302392005921e-8
6.552904844284057e-8
6.821652054786681e-8
7.197917699813843e-8
7.460420727729797e-8
7.17756450176239e-8
6.689523458480835e-8
6.433789730072022e-8
6.254737377166748e-8
5.958658456802368e-8
5.794898867607117e-8
5.778848528861999e-8
5.4988443851470945e-8
4.904916286468506e-8
4.270374774932861e-8
3.588573932647705e-8
2.7615344524383542e-8
2.0800428092479704e-8
1.5677954256534577e-8
1.0883487015962601e-8
7.158534973859787e-9
4.734103009104728e-9
3.1001606956124305e-9
1.9326478242874146e-9
1.1657181195914744e-9
6.860853172838688e-10
3.9970241487026213e-10
2.328825881704688e-10
1.315272646024823e-10
7.162579568102956e-11
3.877101989928633e-11
2.1402916172519327e-11
1.1759120388887822e-11
6.261422095121815e-12
3.4496235457481814e-12
2.2270778572419657e-12
1.8178992831963113e-12
1.8005681340582669e-12
1.9987750420114023e-12
2.290518023073673e-12
2.48130254476564e-12
2.3657594283577053e-12
1.528170173514809e-13
4.144967078900663e-13
6.732844212820055e-13
1.1030517271137795e-12
2.0139774278504773e-12
4.309816722525283e-12
1.0783356265164911e-11
3.007391933351755e-11
8.755360031500459e-11
2.372012939304113e-10
5.259355995804071e-10
9.783493354916572e-10
1.7749035730957984e-9
3.2964736223220824e-9
6.006378680467606e-9
1.0446804761886596e-8
1.4982277154922485e-8
1.5726345777511595e-8
1.5784230828285218e-8
1.7078754305839537e-8
1.9177974760532377e-8
2.1851567924022674e-8
2.4897721409797666e-8
2.806894779205322e-8
3.113930225372314e-8
3.39482307434082e-8
3.532946705818176e-8
3.536915779113769e-8
3.5944437980651856e-8
3.7724539637565614e-8
4.138665497303009e-8
4.7079038619995116e-8
5.124622583389282e-8
5.180509090423584e-8
5.4020816087722774e-8
5.782220363616943e-8
5.705488324165344e-8
5.28980016708374e-8
4.902385771274567e-8
4.53815221786499e-8
4.2644059658050537e-8
4.544089436531067e-8
5.325487852096557e-8
5.942869186401367e-8
6.290546655654908e-8
6.370728015899658e-8
6.23132586479187e-8
6.034823060035705e-8
5.730605721473693e-8
5.735700726509094e-8
6.16206169128418e-8
6.722204089164734e-8
6.733558177947998e-8
6.466284990310668e-8
6.291757822036743e-8
6.238570809364318e-8
6.161478161811828e-8
5.946836471557617e-8
5.9225249290466304e-8
6.218481063842773e-8
6.510792970657348e-8
6.78506851196289e-8
7.17876136302948e-8
7.459362745285033e-8
7.192402482032776e-8
6.701582074165344e-8
6.424829959869384e-8
6.23900830745697e-8
5.972196459770202e-8
5.852231383323669e-8
5.875442028045654e-8
5.619787573814392e-8
5.0304186344146725e-8
4.36666339635849e-8
3.6564084887504575e-8
2.8213581442832947e-8
2.1298606693744658e-8
1.6129587590694427e-8
1.127863824367523e-8
7.46973529458046e-9
4.975893720984459e-9
3.2862495630979535e-9
2.0687514916062356e-9
1.2571686878800391e-9
7.454288192093372e-10
4.3746097944676876e-10
2.5665420107543466e-10
1.461493084207177e-10
8.0319051630795e-11
4.379455640446394e-11
2.425557904643938e-11
1.339028385700658e-11
7.168250158429146e-12
3.923228723579086e-12
2.4584747734479604e-12
1.9261253328295425e-12
1.855882328527514e-12
2.038480852206703e-12
2.3327655071625486e-12
2.5261422706535085e-12
2.410964589216746e-12
1.628822360544291e-13
4.611386884789681e-13
7.77205241320189e-13
1.3334230970940553e-12
2.5921370252035557e-12
5.789066199213266e-12
1.464851666241884e-11
4.0639477083459496e-11
1.1545632733032107e-10
2.947821980342269e-10
6.069869268685579e-10
1.1347271502017975e-9
2.0979421213269233e-9
3.767818585038185e-9
6.779268383979797e-9
1.1966399103403091e-8
1.6377536952495574e-8
1.6454727947711945e-8
1.6566269099712372e-8
1.789737194776535e-8
1.9721527397632597e-8
2.2166931629180908e-8
2.5384411215782166e-8
2.884627878665924e-8
3.1935471296310425e-8
3.461604714393616e-8
3.596463203430176e-8
3.5645267367362975e-8
3.592744171619415e-8
3.7902945280075075e-8
4.1937845945358274e-8
4.7329038381576536e-8
4.998355507850647e-8
5.1422822475433346e-8
5.309650897979736e-8
5.470757484436035e-8
5.525481104850769e-8
5.287719368934631e-8
4.8971274495124815e-8
4.4997572898864746e-8
4.2345568537712094e-8
4.5611429214477535e-8
5.366113185882568e-8
5.966191291809081e-8
6.23248279094696e-8
6.251777410507202e-8
6.13375186920166e-8
5.9525465965270996e-8
5.665611028671264e-8
5.6361192464828487e-8
5.980134606361389e-8
6.540854573249816e-8
6.555333733558655e-8
6.282224059104919e-8
6.109055280685425e-8
6.099382042884826e-8
6.079781651496887e-8
5.8930534124374384e-8
5.977341532707214e-8
6.273326277732848e-8
6.437206268310547e-8
6.69039011001587e-8
7.102198600769043e-8
7.332902550697326e-8
7.13421106338501e-8
6.774483323097228e-8
6.524829268455505e-8
6.332414150238036e-8
6.086052060127258e-8
5.994476675987243e-8
5.984264016151427e-8
5.721526741981506e-8
5.18581748008728e-8
4.42413181066513e-8
3.647105097770691e-8
2.8759244084358213e-8
2.181027829647064e-8
1.6607534885406494e-8
1.1763639748096466e-8
7.824333757162094e-9
5.221118405461311e-9
3.468754142522812e-9
2.2120798006653783e-9
1.3482648879289626e-9
8.090070448815822e-10
4.808451980352401e-10
2.827804302796721e-10
1.6190394526347517e-10
9.036697447299957e-11
4.982121172361076e-11
2.7271194267086685e-11
1.50651452713646e-11
8.20471323095262e-12
4.494315362535417e-12
2.7229703846387563e-12
2.0467412468860856e-12
1.943268762261141e-12
2.1221849237917922e-12
2.4096385459415613e-12
2.564626993262209e-12
2.4357190341106617e-12
1.7767125655154813e-13
5.225566383160184e-13
9.199802661896682e-13
1.6692112694727257e-12
3.4089731343556195e-12
7.8043041867204e-12
1.980991510208696e-11
5.4046680452302094e-11
1.4678855659440158e-10
3.5242103040218353e-10
7.100952323526144e-10
1.3297660276293754e-9
2.4268299341201782e-9
4.297703877091407e-9
7.717011868953704e-9
1.3333536684513091e-8
1.7697294056415558e-8
1.741250157356262e-8
1.7360830307006835e-8
1.8564718961715697e-8
2.020298093557358e-8
2.2604855895042417e-8
2.5959736108779906e-8
2.956677973270416e-8
3.266380727291107e-8
3.528552651405334e-8
3.6452546715736385e-8
3.587026000022888e-8
3.6061978340148925e-8
3.8162806630134584e-8
4.223349392414093e-8
4.7111395001411436e-8
4.9232694506645204e-8
5.069193840026855e-8
5.168574452400207e-8
5.2500337362289423e-8
5.3847056627273555e-8
5.247867107391357e-8
4.876126646995544e-8
4.471982419490814e-8
4.2204460501670834e-8
4.5734044909477234e-8
5.3908473253250117e-8
5.968321561813355e-8
6.17521345615387e-8
6.154249310493469e-8
6.041542887687682e-8
5.8694988489151e-8
5.587263703346252e-8
5.528634190559387e-8
5.821083784103393e-8
6.366731524467468e-8
6.378288865089416e-8
6.106269955635071e-8
5.942426323890686e-8
5.96392273902893e-8
5.990911722183228e-8
5.844132304191589e-8
5.99777102470398e-8
6.297533512115478e-8
6.389977931976319e-8
6.615483164787292e-8
7.021729350090027e-8
7.228005528450011e-8
7.084289789199829e-8
6.814278960227966e-8
6.605224609375e-8
6.428958177566528e-8
6.199097037315368e-8
6.124353408813476e-8
6.103243827819824e-8
5.837224721908569e-8
5.307912826538086e-8
4.4913017749786374e-8
3.675709962844848e-8
2.9138851165771484e-8
2.2313033044338224e-8
1.7101235687732696e-8
1.2208330631256103e-8
8.181098848581314e-9
5.480554327368736e-9
3.6607299000024795e-9
2.351577207446098e-9
1.4470165595412254e-9
8.746538311243057e-10
5.252487026154995e-10
3.1147305853664873e-10
1.7930354224517942e-10
1.0099527426064014e-10
5.622351309284568e-11
3.0864117434248324e-11
1.699085405562073e-11
9.302827675128354e-12
5.1159462600480764e-12
3.0400549803744067e-12
2.205372402386274e-12
2.042061532847583e-12
2.2073183572501874e-12
2.4793871489237063e-12
2.6153287763008845e-12
2.4645587473060002e-12
1.9790743408520938e-13
6.065282832423691e-13
1.1241600077482872e-12
2.1455680325743743e-12
4.536312917480245e-12
1.0520154319237917e-11
2.6481825625523924e-11
6.986272055655718e-11
1.8025650642812252e-10
4.1912738233804703e-10
8.343596011400223e-10
1.546838879585266e-9
2.79159490019083e-9
4.905516654253005e-9
8.673137426376343e-9
1.4665503799915313e-8
1.9059179723262785e-8
1.8427246809005736e-8
1.8130280077457428e-8
1.9164910912513734e-8
2.0694819092750547e-8
2.3105809092521667e-8
2.6561871170997617e-8
3.0254635214805605e-8
3.335398733615875e-8
3.5885897278785706e-8
3.6867448687553404e-8
3.61112117767334e-8
3.6261171102523804e-8
3.837803304195404e-8
4.2295598983764646e-8
4.677791893482208e-8
4.8558333516120906e-8
4.9740728735923766e-8
5.023797750473022e-8
5.080254077911377e-8
5.265833139419555e-8
5.1928955316543574e-8
4.846455454826355e-8
4.450245499610901e-8
4.212830364704132e-8
4.5814862847328184e-8
5.402822494506836e-8
5.9569126367568964e-8
6.119527816772461e-8
6.069212555885315e-8
5.9539049863815304e-8
5.7849264144897455e-8
5.500930547714233e-8
5.41897714138031e-8
5.6757861375808716e-8
6.199143528938294e-8
6.206105351448058e-8
5.938305854797363e-8
5.786982178688049e-8
5.832830071449279e-8
5.898543000221252e-8
5.7926189899444576e-8
5.995206236839294e-8
6.30215287208557e-8
6.354351639747619e-8
6.553242802619934e-8
6.945047974586486e-8
7.13907241821289e-8
7.038387656211853e-8
6.834553480148315e-8
6.669992804527282e-8
6.521064043045044e-8
6.309180259704589e-8
6.24868392944336e-8
6.226651668548583e-8
5.9570515155792234e-8
5.4186701774597166e-8
4.5643189549446104e-8
3.7197566032409665e-8
2.954283356666565e-8
2.2773881256580353e-8
1.7587584257125852e-8
1.264338344335556e-8
8.530514687299728e-9
5.748539417982101e-9
3.859230875968933e-9
2.4956297129392624e-9
1.5476776286959648e-9
9.438809938728808e-10
5.715475417673587e-10
3.419029526412487e-10
1.983054680749774e-10
1.124977134168148e-10
6.314153433777391e-11
3.48552712239325e-11
1.9216345390304923e-11
1.0523659148020669e-11
5.791798685095273e-12
3.4030235838145015e-12
2.398297147010453e-12
2.1590671167359684e-12
2.2948728656047024e-12
2.5517378162476235e-12
2.669022433110513e-12
2.499948823242448e-12
2.255828576380736e-13
7.251937859109602e-13
1.4134847333480138e-12
2.8084863515687175e-12
6.069814844522625e-12
1.4084916620049625e-11
3.4637624048627914e-11
8.761052158661186e-11
2.1819286048412322e-10
4.970547277480364e-10
9.766523726284503e-10
1.7912214621901512e-9
3.2034438103437424e-9
5.5560026317834855e-9
9.644736349582672e-9
1.6008007526397703e-8
2.045474201440811e-8
1.9455990195274353e-8
1.887230724096298e-8
1.974717080593109e-8
2.1206016838550567e-8
2.3638561367988587e-8
2.7169516682624814e-8
3.0918022990226745e-8
3.399573266506195e-8
3.642486035823822e-8
3.72493028640747e-8
3.63665223121643e-8
3.646048605442047e-8
3.8500589132308955e-8
4.221380650997162e-8
4.6372768282890317e-8
4.7839817404747006e-8
4.869540333747864e-8
4.8883724212646484e-8
4.940889477729797e-8
5.161096453666687e-8
5.132684707641601e-8
4.8128247261047364e-8
4.4313693046569825e-8
4.2072626948356625e-8
4.585285782814026e-8
5.4048430919647216e-8
5.936647653579712e-8
6.065142154693603e-8
5.991655588150025e-8
5.8696705102920526e-8
5.6990623474121093e-8
5.410252809524536e-8
5.309606790542602e-8
5.5393016338348386e-8
6.037907004356383e-8
6.040157079696655e-8
5.7779908180236815e-8
5.6400769948959346e-8
5.706003904342651e-8
5.804329514503479e-8
5.736267566680908e-8
5.976295471191406e-8
6.292911767959594e-8
6.322796940803527e-8
6.499227285385131e-8
6.874660849571228e-8
7.062252163887024e-8
6.99501872062683e-8
6.842797994613648e-8
6.722263693809509e-8
6.605923175811768e-8
6.414831280708312e-8
6.369428038597106e-8
6.351580023765563e-8
6.078153252601623e-8
5.525997281074524e-8
4.6413773298263546e-8
3.772576153278351e-8
2.9986122250556945e-8
2.3224902153015135e-8
1.805666983127594e-8
1.307036280632019e-8
8.876950293779373e-9
6.019144132733345e-9
4.064260423183441e-9
2.6440046727657316e-9
1.6516927629709242e-9
1.01554486900568e-9
6.202611606568098e-10
3.740891581401229e-10
2.1871232893317937e-10
1.250011147931218e-10
7.066000835038722e-11
3.925192286260426e-11
2.1716499759349972e-11
1.1904774873983114e-11
6.541672337334603e-12
3.8098227378213774e-12
2.6239755243295803e-12
2.2954141968511975e-12
2.390940971963573e-12
2.6268935471307487e-12
2.7269048587186262e-12
2.540774585213512e-12
2.604882411105791e-13
8.941698069975245e-13
1.8140211977879517e-12
3.6306348192738368e-12
7.935894973343238e-12
1.8226230167783796e-11
4.323291359469294e-11
1.0591824539005756e-10
2.6101849507540466e-10
5.873335059732198e-10
1.111732516437769e-9
2.036844566464424e-9
3.7399586290121076e-9
6.248031929135322e-9
1.0357207804918288e-8
1.7397382855415344e-8
2.2019076347351074e-8
2.0221272110939025e-8
1.9501903653144836e-8
2.0376448333263396e-8
2.199193090200424e-8
2.4418026208877563e-8
2.7832329273223877e-8
3.1409546732902526e-8
3.421923816204071e-8
3.623523116111755e-8
3.694437742233276e-8
3.658305406570435e-8
3.7042742967605586e-8
3.910302221775055e-8
4.2471832036972046e-8
4.610564708709717e-8
4.694912135601044e-8
4.762097001075744e-8
4.836286008358001e-8
4.89319384098053e-8
5.0626677274703975e-8
5.0506985187530516e-8
4.766736328601837e-8
4.414681792259216e-8
4.196563363075256e-8
4.5494249463081356e-8
5.353686213493347e-8
5.8780086040496826e-8
5.982661843299865e-8
5.915485620498657e-8
5.800872445106506e-8
5.6396192312240597e-8
5.3582936525344846e-8
5.2460569143295284e-8
5.444838404655456e-8
5.8509910106658935e-8
5.826637744903564e-8
5.594472289085388e-8
5.476984977722168e-8
5.581710338592529e-8
5.700070858001709e-8
5.633090734481811e-8
5.8761316537857055e-8
6.216093301773071e-8
6.288400292396545e-8
6.44652009010315e-8
6.782165765762329e-8
7.009067535400391e-8
6.966062188148499e-8
6.82282269001007e-8
6.747772097587585e-8
6.689789295196533e-8
6.554722189903258e-8
6.536571979522705e-8
6.492149233818054e-8
6.151758432388305e-8
5.583609938621521e-8
4.751724600791931e-8
3.88775497674942e-8
3.108798861503601e-8
2.4208028614521027e-8
1.8631215393543242e-8
1.3542869687080383e-8
9.296204894781113e-9
6.333311647176742e-9
4.287952557206153e-9
2.81450729817152e-9
1.778908260166645e-9
1.0996033437550067e-9
6.740954704582691e-10
4.101572558283806e-10
2.420505741611123e-10
1.3885021908208728e-10
7.875896990299225e-11
4.407389787957072e-11
2.4445261806249616e-11
1.354455016553402e-11
7.373924745479599e-12
4.24004319938831e-12
2.8909926186315715e-12
2.455552385072224e-12
2.5028408344951456e-12
2.7163016056874768e-12
2.7886670068255624e-12
2.583748209872283e-12
3.099845571341575e-13
1.1277566954959183e-12
2.32768252317328e-12
4.661111961468123e-12
1.015625093714334e-11
2.2808139328844843e-11
5.240497412160039e-11
1.2627759715542197e-10
3.0983556061983105e-10
6.810562219470739e-10
1.2547165155410767e-9
2.3279717192053793e-9
4.3219629675149915e-9
6.892454624176025e-9
1.1086230725049972e-8
1.8783870339393614e-8
2.3496744036674498e-8
2.097939997911453e-8
2.0111411809921263e-8
2.1112363040447233e-8
2.28942409157753e-8
2.5261765718460082e-8
2.8452122211456297e-8
3.171291947364807e-8
3.4101101756095885e-8
3.570033311843872e-8
3.6492469906806945e-8
3.681471645832062e-8
3.778204023838043e-8
3.9865481853485106e-8
4.282741248607635e-8
4.5840197801589966e-8
4.609239399433136e-8
4.6786022186279294e-8
4.8191019892692563e-8
4.871753454208374e-8
4.977450668811798e-8
4.967400133609771e-8
4.716964960098266e-8
4.393329322338104e-8
4.172837138175964e-8
4.493930637836456e-8
5.276939868927002e-8
5.796449780464172e-8
5.889676213264465e-8
5.840461850166321e-8
5.741220712661743e-8
5.595316290855407e-8
5.3252220153808594e-8
5.201703906059265e-8
5.360586643218994e-8
5.66144585609436e-8
5.6042021512985225e-8
5.4012298583984374e-8
5.30773639678955e-8
5.4520332813262936e-8
5.583643317222595e-8
5.507199764251709e-8
5.740545392036438e-8
6.103116273880005e-8
6.235167384147644e-8
6.387814283370971e-8
6.688411831855773e-8
6.962561011314391e-8
6.936720609664917e-8
6.792646050453186e-8
6.759858131408691e-8
6.766144037246704e-8
6.701088547706604e-8
6.717489361763001e-8
6.639111042022705e-8
6.218011975288391e-8
5.632243156433105e-8
4.868443310260772e-8
4.032789468765259e-8
3.254891335964203e-8
2.545374035835266e-8
1.9394254684448242e-8
1.4074990153312683e-8
9.74516049027443e-9
6.6785439848899836e-9
4.5351792126893995e-9
3.0007291585206985e-9
1.919281668961048e-9
1.1944873258471488e-9
7.343200966715813e-10
4.497045185416937e-10
2.677431097254157e-10
1.5424846205860374e-10
8.767078397795558e-11
4.930853028781712e-11
2.749234845396131e-11
1.535618648631498e-11
8.329354022862389e-12
4.723958409158513e-12
3.1843028409639373e-12
2.6423969757161102e-12
2.6315823561162685e-12
2.814292747643776e-12
2.8578297133208253e-12
2.63045440078713e-12
3.8213379411899947e-13
1.4327926692203618e-12
2.983166450576391e-12
5.9708840126404535e-12
1.2810176122002304e-11
2.8029415989294646e-11
6.309063173830509e-11
1.504459185525775e-10
3.6295354366302487e-10
7.807235699146986e-10
1.432731468230486e-9
2.671332284808159e-9
4.8635512590408324e-9
7.54224807024002e-9
1.196451187133789e-8
2.0132291316986084e-8
2.485509365797043e-8
2.186659425497055e-8
2.082606554031372e-8
2.1903517842292786e-8
2.3723077774047852e-8
2.5984293222427368e-8
2.8947004675865173e-8
3.1882986426353455e-8
3.390858471393585e-8
3.532363474369049e-8
3.6331918835639955e-8
3.7117788195610044e-8
3.8392013311386105e-8
4.0410026907920836e-8
4.299235641956329e-8
4.548880755901336e-8
4.5411080121994014e-8
4.6194893121719356e-8
4.786653518676758e-8
4.828998148441315e-8
4.906297028064728e-8
4.897682964801788e-8
4.670178890228271e-8
4.36377465724945e-8
4.139359295368194e-8
4.441134929656982e-8
5.205115675926208e-8
5.714647769927978e-8
5.8045434951782224e-8
5.7681643962860106e-8
5.6825071573257447e-8
5.549290776252746e-8
5.2846246957778926e-8
5.1462012529373164e-8
5.263179540634155e-8
5.4909670352935786e-8
5.407655835151672e-8
5.218182802200317e-8
5.1457434892654415e-8
5.315920710563659e-8
5.4602658748626704e-8
5.3854686021804806e-8
5.615826249122619e-8
5.992907285690307e-8
6.162718534469604e-8
6.321463584899902e-8
6.609169840812682e-8
6.91031813621521e-8
6.899202466011047e-8
6.767394542694091e-8
6.771719455718993e-8
6.832436919212342e-8
6.827166080474853e-8
6.8776535987854e-8
6.781729459762574e-8
6.308788657188415e-8
5.706678628921509e-8
4.975861012935638e-8
4.167790710926056e-8
3.394584059715271e-8
2.6647040247917173e-8
2.026464194059372e-8
1.4668793976306915e-8
1.0190095752477645e-8
7.02737346291542e-9
4.7975119203329085e-9
3.1941555440425872e-9
2.061004750430584e-9
1.2937051244080067e-9
7.99739733338356e-10
4.92198346182704e-10
2.9500373639166356e-10
1.710212556645274e-10
9.756867075338959e-11
5.506299785338342e-11
3.087251679971814e-11
1.7322383064310996e-11
9.406340541318058e-12
5.290187982609495e-12
3.5075798223260787e-12
2.851176213880535e-12
2.7756817871704695e-12
2.9188051485107277e-12
2.934350413852371e-12
2.683699312910903e-12
4.799278485734249e-13
1.8272630768478845e-12
3.818959885393269e-12
7.56852386984974e-12
1.59087372594513e-11
3.4094741567969323e-11
7.564382394775748e-11
1.776402466930449e-10
4.2080949060618873e-10
8.962300606071949e-10
1.64168793708086e-9
3.029733523726463e-9
5.411916598677635e-9
8.232712000608443e-9
1.288233995437622e-8
2.1465352177619934e-8
2.6219657063484192e-8
2.281845808029175e-8
2.1619901061058045e-8
2.2696247696876524e-8
2.4481958150863646e-8
2.6597237586975098e-8
2.9321679472923276e-8
3.195784389972687e-8
3.372955024242401e-8
3.510240018367767e-8
3.633526861667633e-8
3.744517564773559e-8
3.888237476348877e-8
4.0779444575309754e-8
4.301855862140655e-8
4.5123970508575434e-8
4.485890865325927e-8
4.569309055805206e-8
4.745155274868011e-8
4.7788372635841366e-8
4.8426905274391175e-8
4.836585223674774e-8
4.624437391757965e-8
4.328464269638061e-8
4.101181328296661e-8
4.389318227767944e-8
5.1361048221588135e-8
5.635046362876892e-8
5.7248270511627194e-8
5.69837749004364e-8
5.6243056058883667e-8
5.500511527061462e-8
5.237064361572266e-8
5.081820487976074e-8
5.160442590713501e-8
5.3344780206680296e-8
5.229864716529846e-8
5.046349167823791e-8
4.990207254886627e-8
5.177149176597595e-8
5.333185791969299e-8
5.265921354293823e-8
5.497279167175293e-8
5.88433563709259e-8
6.079672574996948e-8
6.249114274978638e-8
6.535655260086059e-8
6.854550838470459e-8
6.857604384422302e-8
6.743469834327697e-8
6.781611442565918e-8
6.890190243721008e-8
6.93717360496521e-8
7.02167272567749e-8
6.920496225357055e-8
6.414293050765991e-8
5.7979655265808104e-8
5.08327305316925e-8
4.295405149459839e-8
3.5278037190437314e-8
2.7826192975044248e-8
2.1176056563854218e-8
1.5317296981811522e-8
1.0654873400926589e-8
7.381475716829299e-9
5.068615078926086e-9
3.395603597164154e-9
2.2071033716201783e-9
1.3965241611003876e-9
8.693140931427478e-10
5.379889160394668e-10
3.242623526602983e-10
1.891072024591267e-10
1.0842909105122089e-10
6.143382051959634e-11
3.458951250649988e-11
1.9495341985020787e-11
1.0601468966342508e-11
5.932846761425025e-12
3.876394112012349e-12
3.0828949093120173e-12
2.9351062039495445e-12
3.0338133001350795e-12
3.0180792236933482e-12
2.74369194812607e-12
6.079780177969951e-13
2.32654365390772e-12
4.832568447454832e-12
9.451762161916121e-12
1.9512610742822288e-11
4.1142647387459874e-11
9.00300161447376e-11
2.088476438075304e-10
4.886565264314413e-10
1.0215826332569122e-9
1.855768822133541e-9
3.3861394971609113e-9
5.969755724072456e-9
8.960286527872085e-9
1.382085233926773e-8
2.2661665081977844e-8
2.7526944875717163e-8
2.3923736810684204e-8
2.247514724731445e-8
2.3472577333450317e-8
2.5125730037689207e-8
2.7088844776153563e-8
2.9612526297569275e-8
3.199837207794189e-8
3.361091911792755e-8
3.504636287689209e-8
3.650835156440735e-8
3.780549466609955e-8
3.923497200012207e-8
4.0939915180206297e-8
4.2840632796287536e-8
4.4681057333946223e-8
4.444940984249115e-8
4.5279783010482787e-8
4.698312580585479e-8
4.7287482023239136e-8
4.78835642337799e-8
4.7856247425079347e-8
4.572991728782654e-8
4.2834642529487605e-8
4.0671440958976744e-8
4.346819221973419e-8
5.06929874420166e-8
5.556824803352356e-8
5.655209422111511e-8
5.636411905288696e-8
5.567127466201782e-8
5.445246696472168e-8
5.177310705184936e-8
5.0042510032653805e-8
5.048708915710449e-8
5.188642740249634e-8
5.072401165962219e-8
4.89161342382431e-8
4.8417037725448605e-8
5.033307671546936e-8
5.2085280418396e-8
5.1559066772460934e-8
5.382531881332397e-8
5.768945217132568e-8
5.982107520103455e-8
6.165027618408203e-8
6.455873250961303e-8
6.786248683929443e-8
6.808099150657653e-8
6.716881990432738e-8
6.787463426589966e-8
6.942805051803589e-8
7.039561867713928e-8
7.159465551376342e-8
7.058104276657105e-8
6.529600620269775e-8
5.8988863229751585e-8
5.1919203996658325e-8
4.4225522875785826e-8
3.664425015449524e-8
2.9076820611953735e-8
2.214590311050415e-8
1.602039635181427e-8
1.1164502054452896e-8
7.761722058057785e-9
5.358807742595672e-9
3.6124903708696365e-9
2.365811727941036e-9
1.5085089020431041e-9
9.450016543269157e-10
5.878646392375231e-10
3.560321871191263e-10
2.08816840313375e-10
1.2038610875606537e-10
6.84660393744707e-11
3.8733670953661204e-11
2.1894779638387263e-11
1.1955264926655217e-11
6.666866829618811e-12
4.285851537133567e-12
3.3409050956834106e-12
3.1100644264370202e-12
3.1518975447397676e-12
3.1085601222002876e-12
2.812500315485522e-12
7.677141184103675e-13
2.8839938750024883e-12
5.880766912014223e-12
1.151983015006408e-11
2.3556273663416504e-11
4.889091942459345e-11
1.0678699472919106e-10
2.525594551116228e-10
5.795245058834552e-10
1.1021491140127182e-9
1.966973394155502e-9
3.608046844601631e-9
6.451024115085602e-9
9.772593528032303e-9
1.475902646780014e-8
2.2892616689205168e-8
2.8224423527717588e-8
2.569162845611572e-8
2.3548719286918638e-8
2.4237526953220365e-8
2.5432127714157102e-8
2.737259268760681e-8
2.9945838451385496e-8
3.212600350379944e-8
3.363925516605377e-8
3.53817880153656e-8
3.723376989364624e-8
3.8414293527603144e-8
3.9280545711517334e-8
4.050239324569702e-8
4.184939563274383e-8
4.3673184514045716e-8
4.449459612369537e-8
4.5241627097129817e-8
4.646113514900207e-8
4.694648385047912e-8
4.766532778739929e-8
4.769163131713867e-8
4.483751356601715e-8
4.198238253593445e-8
4.075221121311187e-8
4.362730383872986e-8
5.00582218170166e-8
5.473811030387878e-8
5.629281997680664e-8
5.6135559082031246e-8
5.5162060260772705e-8
5.3641235828399654e-8
5.0714313983917234e-8
4.877131879329681e-8
4.889082312583923e-8
5.050387382507324e-8
4.964566528797149e-8
4.787748456001282e-8
4.705448448657989e-8
4.86043781042099e-8
5.1092660427093504e-8
5.1004707813262936e-8
5.2711510658264156e-8
5.604243278503418e-8
5.823758840560913e-8
6.027852892875671e-8
6.322171092033386e-8
6.647612452507018e-8
6.717029213905335e-8
6.670502424240112e-8
6.778723001480102e-8
7.002416253089905e-8
7.165883779525757e-8
7.33249008655548e-8
7.211713194847107e-8
6.658613085746765e-8
5.995637774467468e-8
5.293077230453491e-8
4.571256637573242e-8
3.8547092676162715e-8
3.09267520904541e-8
2.3385250568389893e-8
1.6881269216537475e-8
1.1834421008825301e-8
8.265698701143264e-9
5.743828043341637e-9
3.8988593965768815e-9
2.5841645896434784e-9
1.6637319698929786e-9
1.0434869676828384e-9
6.480967160314321e-10
3.92445782199502e-10
2.3157126270234585e-10
1.3436443405225871e-10
7.637233939021826e-11
4.3583396472968157e-11
2.458894159644842e-11
1.364482450298965e-11
7.587605068692938e-12
4.690977584687061e-12
3.607594408094883e-12
3.2900374208111316e-12
3.225320324418135e-12
3.192666554241441e-12
2.9018214263487607e-12
9.585406587575563e-13
3.5345328797120597e-12
7.17663497198373e-12
1.3951450819149612e-11
2.8190080774947998e-11
5.814519827254116e-11
1.2819611001759767e-10
3.01096704788506e-10
6.526911631226539e-10
1.1964399367570876e-9
2.0981045439839363e-9
3.869770094752311e-9
6.9791667163372036e-9
1.0518456250429152e-8
1.5425164997577665e-8
2.3517727851867674e-8
2.9331088066101073e-8
2.6982465386390684e-8
2.461521029472351e-8
2.487749010324478e-8
2.5824695825576782e-8
2.7677395939826965e-8
3.018583059310913e-8
3.22688490152359e-8
3.3824411034584045e-8
3.580107688903809e-8
3.7810149788856505e-8
3.879113793373108e-8
3.922389447689056e-8
3.9988690614700315e-8
4.103967547416687e-8
4.303804039955139e-8
4.4303569197654724e-8
4.5036700367927546e-8
4.6093156933784485e-8
4.6626606583595276e-8
4.740013480186462e-8
4.7287437319755555e-8
4.414108395576477e-8
4.145083427429199e-8
4.06459778547287e-8
4.3508893251419064e-8
4.954735338687897e-8
5.4124671220779417e-8
5.59320330619812e-8
5.5781733989715575e-8
5.4612571001052855e-8
5.2831715345382685e-8
4.9683594703674315e-8
4.754280745983124e-8
4.748903214931488e-8
4.917382299900055e-8
4.850270748138427e-8
4.676987528800964e-8
4.5783933997154234e-8
4.716617166996002e-8
4.999505579471588e-8
5.0185561180114746e-8
5.164784789085388e-8
5.4617047309875486e-8
5.6746697425842285e-8
5.887077450752258e-8
6.1871600151062e-8
6.515474915504456e-8
6.619853377342223e-8
6.61272406578064e-8
6.762866973876953e-8
7.048119902610778e-8
7.272258400917053e-8
7.486907243728637e-8
7.364612817764282e-8
6.792778372764587e-8
6.106553077697754e-8
5.406081080436706e-8
4.715332686901092e-8
4.030943214893341e-8
3.266260325908661e-8
2.4745379388332365e-8
1.7828676104545594e-8
1.252448409795761e-8
8.794214576482772e-9
6.1451341956853866e-9
4.202844947576523e-9
2.8103286400437354e-9
1.826121099293232e-9
1.1512077413499355e-9
7.151095196604728e-10
4.331065807491541e-10
2.5626507122069596e-10
1.4943355927243828e-10
8.534459047950804e-11
4.879312473349273e-11
2.7718048659153282e-11
1.542750105727464e-11
8.588017954025417e-12
5.21812580700498e-12
3.89631422876846e-12
3.4703582059592005e-12
3.3434469514759254e-12
3.278973963460885e-12
2.9895083571318536e-12
1.1833946700789965e-12
4.325468762544915e-12
8.716382581042126e-12
1.6780289297457785e-11
3.36524797603488e-11
6.960279424674809e-11
1.5307626454159616e-10
3.473196644335985e-10
7.264175917953253e-10
1.2954640202224255e-9
2.2521069273352622e-9
4.164931923151016e-9
7.51640349626541e-9
1.1175508052110672e-8
1.6087262332439423e-8
2.436007112264633e-8
3.053056001663208e-8
2.8189748525619505e-8
2.5541016459465027e-8
2.550177276134491e-8
2.6230031251907348e-8
2.7970331907272337e-8
3.040430843830109e-8
3.245910406112671e-8
3.409733772277832e-8
3.6221852898597717e-8
3.825531303882599e-8
3.90112817287445e-8
3.906821608543396e-8
3.948512077331543e-8
4.0399590134620666e-8
4.2536157369613644e-8
4.401813745498657e-8
4.477109611034393e-8
4.5773029327392576e-8
4.63140457868576e-8
4.7067382931709286e-8
4.681890308856964e-8
4.3581175804138184e-8
4.103910624980926e-8
4.044037163257599e-8
4.327166378498077e-8
4.9100217223167416e-8
5.3610670566558835e-8
5.5519396066665645e-8
5.5348211526870724e-8
5.402182340621948e-8
5.2020049095153806e-8
4.868148863315582e-8
4.6377962827682494e-8
4.62104856967926e-8
4.7893670201301575e-8
4.7335216403007506e-8
4.5640063285827636e-8
4.458504617214203e-8
4.588655531406402e-8
4.8862573504447936e-8
4.9232953786849976e-8
5.058979392051697e-8
5.3317511081695555e-8
5.534518361091613e-8
5.747910737991333e-8
6.05226695537567e-8
6.386337876319886e-8
6.518520712852478e-8
6.546737551689148e-8
6.738696098327636e-8
7.080445289611816e-8
7.361637949943542e-8
7.625181674957275e-8
7.513174414634704e-8
6.930084824562072e-8
6.227474808692932e-8
5.527620315551758e-8
4.8580616712570186e-8
4.198104441165924e-8
3.433747589588165e-8
2.6136857271194458e-8
1.8851038813591e-8
1.325773000717163e-8
9.344040602445601e-9
6.566385924816131e-9
4.521098360419273e-9
3.0478322878479956e-9
1.9966928288340567e-9
1.2667213566601276e-9
7.890447042882442e-10
4.781846422702074e-10
2.834319369867444e-10
1.658867229707539e-10
9.515472338534891e-11
5.463520064949989e-11
3.1143811065703626e-11
1.7417305207345634e-11
9.685168333817273e-12
5.818437421112321e-12
4.235937376506627e-12
3.673981700558215e-12
3.476686106296256e-12
3.3821022952906786e-12
3.0767358111916108e-12
1.4532777640852145e-12
5.269657049211673e-12
1.0524623212404549e-11
2.010698663070798e-11
4.027800168842077e-11
8.316629100590944e-11
1.7905652057379483e-10
3.941874485462904e-10
8.010855875909328e-10
1.403598953038454e-9
2.4250468239188193e-9
4.481498897075653e-9
8.04094448685646e-9
1.1804904788732528e-8
1.6787002980709074e-8
2.5317290425300597e-8
3.1792578101158144e-8
2.9333990812301635e-8
2.639724016189575e-8
2.6097020506858823e-8
2.6630136370658873e-8
2.825440466403961e-8
3.063190579414367e-8
3.2694780826568603e-8
3.440881371498108e-8
3.660751581192016e-8
3.8589000701904296e-8
3.911118805408477e-8
3.8852414488792415e-8
3.9023748040199275e-8
3.987132608890533e-8
4.209451079368591e-8
4.369638562202453e-8
4.4479352235794064e-8
4.546417891979217e-8
4.5991134643554684e-8
4.669262766838073e-8
4.6348699927330017e-8
4.310385286808014e-8
4.067370593547821e-8
4.0182262659072875e-8
4.2982292175292967e-8
4.8685792088508607e-8
5.314114093780517e-8
5.507503151893615e-8
5.486021637916565e-8
5.3396582603454585e-8
5.120672583580017e-8
4.770956337451935e-8
4.527586698532104e-8
4.501836895942688e-8
4.666060209274292e-8
4.6168252825737e-8
4.4513180851936336e-8
4.344137609004974e-8
4.470000863075256e-8
4.772704839706421e-8
4.8215499520301815e-8
4.952699244022369e-8
5.209187269210815e-8
5.4018712043762205e-8
5.612517595291137e-8
5.918834805488586e-8
6.258912086486816e-8
6.414194703102111e-8
6.474394798278809e-8
6.706231236457824e-8
7.100237607955932e-8
7.435877323150634e-8
7.74890124797821e-8
7.655458450317382e-8
7.068391442298888e-8
6.355162858963013e-8
5.655490756034851e-8
5.001028776168823e-8
4.360004663467407e-8
3.5968589782714844e-8
2.75397390127182e-8
1.9922074675559996e-8
1.4037337899208068e-8
9.922581911087036e-9
7.006750255823135e-9
4.8549670726060865e-9
3.2969173043966294e-9
2.1766107529401777e-9
1.3899765908718108e-9
8.694877848029136e-10
5.279636941850185e-10
3.1339959241449834e-10
1.8392789643257855e-10
1.0592192411422729e-10
6.107117515057325e-11
3.495562123134732e-11
1.9608614093158394e-11
1.0907414980465547e-11
6.491095700766891e-12
4.62565294583328e-12
3.9088383346097546e-12
3.6291003198130054e-12
3.496664430713281e-12
3.1687886803410946e-12
1.7636535631027072e-12
6.32934461464174e-12
1.259816635865718e-11
2.4241808569058775e-11
4.845081130042672e-11
9.843782754614949e-11
2.0905048586428163e-10
4.5042131096124645e-10
8.663712069392204e-10
1.489700749516487e-9
2.589711546897888e-9
4.7905147075653075e-9
8.408035337924957e-9
1.2391138076782226e-8
1.7691388726234436e-8
2.5632694363594055e-8
3.214360773563385e-8
3.116174042224884e-8
2.7655518054962156e-8
2.6834827661514282e-8
2.7253177762031553e-8
2.86763459444046e-8
3.088777959346771e-8
3.308947682380676e-8
3.4996083378791805e-8
3.6935701966285705e-8
3.8426798582077024e-8
3.879324793815613e-8
3.853839635848999e-8
3.863468170166015e-8
3.954834640026092e-8
4.152756035327911e-8
4.2881318926811216e-8
4.369173943996429e-8
4.4673717021942136e-8
4.4934070110321045e-8
4.5436266064643857e-8
4.603443741798401e-8
4.37345951795578e-8
4.1068726778030395e-8
4.037455320358276e-8
4.3108505010604856e-8
4.878881573677063e-8
5.2841347455978394e-8
5.421180129051208e-8
5.404292345046997e-8
5.2895301580429074e-8
5.079827904701233e-8
4.7153165936470026e-8
4.455893337726593e-8
4.41418319940567e-8
4.54930692911148e-8
4.4739753007888795e-8
4.317222535610199e-8
4.247784316539764e-8
4.381994605064392e-8
4.6497744321823116e-8
4.707787930965423e-8
4.879530370235443e-8
5.1126855611801146e-8
5.2465236186981196e-8
5.441908240318298e-8
5.8030569553375244e-8
6.177114248275756e-8
6.299756169319153e-8
6.338053941726684e-8
6.6083425283432e-8
7.120899558067321e-8
7.54067838191986e-8
7.855028510093688e-8
7.731677293777466e-8
7.173076272010803e-8
6.497880220413208e-8
5.8073389530181885e-8
5.150812864303589e-8
4.527420401573181e-8
3.775423467159271e-8
2.9096901416778562e-8
2.1093109250068664e-8
1.4814780652523041e-8
1.047259345650673e-8
7.446128129959106e-9
5.190696939826011e-9
3.5488978028297424e-9
2.3667484521865844e-9
1.5267361886799335e-9
9.57357045263052e-10
5.813399329781532e-10
3.4635951742529867e-10
2.0367773249745367e-10
1.176731428131461e-10
6.787586025893687e-11
3.8993958150967955e-11
2.2040803742129353e-11
1.2300371599849313e-11
7.294820534298196e-12
5.060583498561755e-12
4.1207495087292046e-12
3.743507841136306e-12
3.5885645047528667e-12
3.2588570320513096e-12
2.1176540030865e-12
7.552169699920341e-12
1.5115768474061043e-11
2.926851448137313e-11
5.7918671518564225e-11
1.160026527941227e-10
2.4332019966095687e-10
5.058016162365675e-10
9.281524457037449e-10
1.5717079862952231e-9
2.7478761970996854e-9
5.055153742432594e-9
8.749354630708695e-9
1.2973849475383758e-8
1.843685060739517e-8
2.573406994342804e-8
3.244935572147369e-8
3.295046091079712e-8
2.910701334476471e-8
2.774933874607086e-8
2.797122299671173e-8
2.9160761833190916e-8
3.1244748830795285e-8
3.360030055046081e-8
3.558405637741089e-8
3.7101683020591733e-8
3.8062623143196105e-8
3.8318625092506404e-8
3.816339373588562e-8
3.829554915428161e-8
3.9212310314178463e-8
4.0837469696998595e-8
4.186031520366669e-8
4.262423515319824e-8
4.354261457920074e-8
4.353363215923309e-8
4.402637779712677e-8
4.580529332160949e-8
4.4683429598808286e-8
4.1851451992988586e-8
4.087951183319092e-8
4.3499177694320674e-8
4.907588362693786e-8
5.2573049068450926e-8
5.327551960945129e-8
5.316005349159241e-8
5.243554711341858e-8
5.0548267364501954e-8
4.680979251861572e-8
4.404821395874023e-8
4.340626895427704e-8
4.436893761157989e-8
4.329043030738831e-8
4.1814956068992614e-8
4.15426641702652e-8
4.300326108932495e-8
4.532561600208282e-8
4.596785008907318e-8
4.8105368018150326e-8
5.022526979446411e-8
5.094590187072754e-8
5.2698433399200436e-8
5.687299966812134e-8
6.100924015045166e-8
6.182999014854431e-8
6.186368465423584e-8
6.484441757202148e-8
7.121985554695129e-8
7.635077238082886e-8
7.946882247924805e-8
7.786055207252503e-8
7.260534763336181e-8
6.637248992919921e-8
5.9662926197052e-8
5.309016108512878e-8
4.700691401958466e-8
3.960670530796051e-8
3.0743578076362606e-8
2.2331632673740385e-8
1.5631493926048278e-8
1.1031913757324218e-8
7.883247733116149e-9
5.531769245862961e-9
3.808369114995002e-9
2.56543830037117e-9
1.6725772991776466e-9
1.0534385219216347e-9
6.397859193384647e-10
3.821324091404676e-10
2.2537577897310257e-10
1.304690376855433e-10
7.528105052188038e-11
4.335359844844788e-11
2.468547027092427e-11
1.3864012726116925e-11
8.1994803622365e-12
5.5437223636545235e-12
4.341202657087706e-12
3.848425694741308e-12
3.670115984277799e-12
3.3438194805057718e-12
2.533122824388556e-12
9.050343942362815e-12
1.820313336793333e-11
3.508940571919084e-11
6.871031364426016e-11
1.3591776369139552e-10
2.777311485260725e-10
5.562649108469486e-10
9.94744524359703e-10
1.667935587465763e-9
2.904829755425453e-9
5.304834991693497e-9
9.152361750602722e-9
1.3526207208633423e-8
1.8950863182544707e-8
2.611595094203949e-8
3.324604332447052e-8
3.437245190143585e-8
3.0421891808509824e-8
2.8702402114868163e-8
2.8644174337387084e-8
2.9647985100746152e-8
3.1689706444740294e-8
3.409416675567627e-8
3.596678376197815e-8
3.71345043182373e-8
3.7769439816474913e-8
3.792040348052978e-8
3.7789359688758846e-8
3.79380851984024e-8
3.87481540441513e-8
4.011552631855011e-8
4.09175306558609e-8
4.157765507698059e-8
4.2387279868125914e-8
4.228825271129608e-8
4.3023228645324704e-8
4.5629233121871943e-8
4.527668058872223e-8
4.2529574036598203e-8
4.139418601989746e-8
4.386375546455383e-8
4.9222004413604736e-8
5.225629210472107e-8
5.2538323402404784e-8
5.242607593536377e-8
5.194010734558105e-8
5.0199145078659055e-8
4.642300009727478e-8
4.351727962493896e-8
4.264640808105469e-8
4.328919947147369e-8
4.201173782348633e-8
4.059391319751739e-8
4.054588377475738e-8
4.2086091637611386e-8
4.427070915699005e-8
4.4952178001403807e-8
4.725163280963898e-8
4.92510586977005e-8
4.963493645191192e-8
5.122334361076355e-8
5.562607049942016e-8
6.000561118125915e-8
6.069163680076598e-8
6.058207154273987e-8
6.375268697738647e-8
7.096467614173888e-8
7.688126564025879e-8
8.025431632995605e-8
7.855850458145141e-8
7.352793216705321e-8
6.764733195304871e-8
6.116899847984313e-8
5.4703491926193236e-8
4.875858724117279e-8
4.142173528671264e-8
3.237669467926025e-8
2.3596170544624328e-8
1.6513523459434507e-8
1.1644121259450912e-8
8.338675647974014e-9
5.884702876210213e-9
4.080692678689956e-9
2.772315964102745e-9
1.8238626420497893e-9
1.1565522290766238e-9
7.043901830911636e-10
4.212810657918453e-10
2.4908934719860553e-10
1.4451246242970227e-10
8.351627620868385e-11
4.81995492009446e-11
2.756804460659623e-11
1.5565595822408796e-11
9.180133929476142e-12
6.084315828047692e-12
4.611972690327093e-12
3.9849339373176914e-12
3.7641224480466915e-12
3.427392948651686e-12
3.033453322132118e-12
1.0880531044676899e-11
2.1844651200808584e-11
4.1807716479524965e-11
8.099767728708684e-11
1.5701352385804056e-10
3.113631391897797e-10
6.067519076168537e-10
1.0657993145287036e-9
1.7700966447591781e-9
3.0621221289038657e-9
5.565690249204636e-9
9.562858939170837e-9
1.4024193584918975e-8
1.9446349143981932e-8
2.668757140636444e-8
3.421507477760315e-8
3.570828437805176e-8
3.163045346736908e-8
2.962367534637451e-8
2.930677533149719e-8
3.0158454179763794e-8
3.2156303524971004e-8
3.451980948448181e-8
3.6218968033790584e-8
3.710416555404663e-8
3.750695288181305e-8
3.756175339221954e-8
3.741860389709473e-8
3.7533968687057494e-8
3.821639418601989e-8
3.938111066818237e-8
4.0010225772857664e-8
4.0554067492485045e-8
4.127497375011444e-8
4.120988547801971e-8
4.22532320022583e-8
4.5472240447998044e-8
4.569049477577209e-8
4.309715926647186e-8
4.1871041059494014e-8
4.41795140504837e-8
4.9284946918487545e-8
5.1937311887741086e-8
5.19265353679657e-8
5.178784132003784e-8
5.143313407897949e-8
4.978783726692199e-8
4.599208831787109e-8
4.2961904406547545e-8
4.1882884502410884e-8
4.226444363594055e-8
4.085300862789154e-8
3.946559429168701e-8
3.953899145126343e-8
4.1130632162094116e-8
4.326712191104889e-8
4.398108422756195e-8
4.632904231548309e-8
4.8245811462402343e-8
4.8442450165748594e-8
4.990472495555877e-8
5.4365766048431395e-8
5.8875703811645504e-8
5.955524444580078e-8
5.94268798828125e-8
6.27571165561676e-8
7.055256366729736e-8
7.712774872779846e-8
8.08873176574707e-8
7.929157614707947e-8
7.44691252708435e-8
6.886136531829834e-8
6.261492371559143e-8
5.631009936332702e-8
5.051530003547668e-8
4.322258234024048e-8
3.4001600742340086e-8
2.4884527921676636e-8
1.7442220449447632e-8
1.2302258610725402e-8
8.82284641265869e-9
6.252428889274597e-9
4.364252462983131e-9
2.9883434996008873e-9
1.982209272682667e-9
1.2659590691328048e-9
7.745800539851188e-10
4.6433764509856697e-10
2.750449115410447e-10
1.599278184585273e-10
9.260987862944602e-11
5.356795736588538e-11
3.07413749396801e-11
1.7417551134712994e-11
1.0251131607219577e-11
6.686738197458908e-12
4.929329224978573e-12
4.1528390283929185e-12
3.873393870890141e-12
3.5137392842443657e-12
3.622245640144683e-12
1.3046051026321946e-11
2.6120347320102152e-11
4.9518392188474534e-11
9.434062521904707e-11
1.7868094146251676e-10
3.4564232919365167e-10
6.58939778804779e-10
1.1398961767554282e-9
1.880034990608692e-9
3.244543448090553e-9
5.8685474097728725e-9
9.945939481258393e-9
1.448550522327423e-8
2.0031346380710602e-8
2.7330228686332702e-8
3.5224786400794984e-8
3.706066310405731e-8
3.274189829826355e-8
3.0462023615837093e-8
2.9956045746803285e-8
3.070026636123657e-8
3.258208930492401e-8
3.482604026794434e-8
3.6377584934234615e-8
3.7064212560653684e-8
3.7234100699424744e-8
3.7116044759750365e-8
3.6880081892013546e-8
3.6895978450775147e-8
3.74975323677063e-8
3.8632878661155696e-8
3.925502002239227e-8
3.971774578094482e-8
4.0328246355056764e-8
4.035677909851074e-8
4.1717460751533506e-8
4.544141292572021e-8
4.6335273981094356e-8
4.380814433097839e-8
4.224488437175751e-8
4.434727132320404e-8
4.9219673871994014e-8
5.157560706138611e-8
5.143910646438598e-8
5.128182768821716e-8
5.091100931167602e-8
4.9253422021865844e-8
4.543461203575134e-8
4.228608906269073e-8
4.106493890285492e-8
4.131224453449249e-8
3.979871273040771e-8
3.8395893573760985e-8
3.8571995496749875e-8
4.022957980632782e-8
4.2330697178840634e-8
4.302965700626373e-8
4.532985687255859e-8
4.7256115078926083e-8
4.739304482936859e-8
4.867218434810638e-8
5.2940249443054195e-8
5.753036737442016e-8
5.841981172561645e-8
5.840015411376953e-8
6.180564165115356e-8
6.9862961769104e-8
7.698171138763427e-8
8.129950165748596e-8
8.005574941635132e-8
7.54473865032196e-8
7.008440494537353e-8
6.407493948936462e-8
5.7931083440780634e-8
5.234051942825317e-8
4.508078694343567e-8
3.564465939998627e-8
2.6252856850624083e-8
1.8463388085365293e-8
1.3020181655883788e-8
9.34496521949768e-9
6.642778217792511e-9
4.662761464715004e-9
3.2142654061317444e-9
2.1474888548254967e-9
1.3813882134854794e-9
8.506462909281254e-10
5.115312058478594e-10
3.030915046110749e-10
1.766325207427144e-10
1.0262926807627081e-10
5.95141144003719e-11
3.417329280637205e-11
1.9392000103835014e-11
1.1402810923755168e-11
7.349050429183989e-12
5.299744952935726e-12
4.360213279142044e-12
4.002694549853913e-12
3.6058852856513113e-12
4.180830001132563e-12
1.5480614092666656e-11
3.128246462438255e-11
5.809820722788572e-11
1.0782477911561727e-10
2.0122081041336058e-10
3.8438267074525357e-10
7.160364650189876e-10
1.2157696299254895e-9
2.027945965528488e-9
3.5819850862026212e-9
6.4092859625816345e-9
1.0209929943084716e-8
1.4831329882144928e-8
2.1030107140541075e-8
2.773994207382202e-8
3.592084050178528e-8
3.869863450527191e-8
3.3597245812416076e-8
3.095914721488952e-8
3.0527642369270325e-8
3.135780394077301e-8
3.280443251132965e-8
3.475922048091888e-8
3.64273190498352e-8
3.7166932225227354e-8
3.6775526404380794e-8
3.5942387580871584e-8
3.5254305601119993e-8
3.495999276638031e-8
3.5769501328468324e-8
3.776785433292389e-8
3.933852314949035e-8
3.994130194187164e-8
4.008941352367401e-8
4.018197357654571e-8
4.189178049564362e-8
4.625410735607147e-8
4.9301567673683166e-8
4.6021220088005065e-8
4.2223066091537476e-8
4.379586279392242e-8
4.856066405773163e-8
5.086450576782226e-8
5.12815773487091e-8
5.125526785850525e-8
5.0275510549545284e-8
4.813093543052673e-8
4.4237148761749265e-8
4.0933480858802795e-8
3.985092043876648e-8
4.051852822303772e-8
3.890794217586517e-8
3.7316602468490596e-8
3.7801524996757506e-8
3.9748382568359375e-8
4.168778657913208e-8
4.207713305950165e-8
4.4015863537788386e-8
4.641517400741577e-8
4.683511853218078e-8
4.737274646759033e-8
5.038204789161682e-8
5.511126518249511e-8
5.7264101505279537e-8
5.777693390846252e-8
6.07722282409668e-8
6.79375410079956e-8
7.537471652030944e-8
8.100383877754211e-8
8.111313581466674e-8
7.668935656547546e-8
7.16021180152893e-8
6.590337753295898e-8
5.976587533950805e-8
5.4664975404739377e-8
4.739162921905518e-8
3.745160400867462e-8
2.8066486120224e-8
1.9918411970138547e-8
1.392887532711029e-8
9.95633453130722e-9
7.083258777856826e-9
4.996522143483162e-9
3.4543875604867933e-9
2.3155797272920607e-9
1.5004069544374942e-9
9.358839131891726e-10
5.640364252030849e-10
3.3062088768929244e-10
1.9334293901920318e-10
1.1361401993781328e-10
6.61638332530856e-11
3.747708396986127e-11
2.1147081861272452e-11
1.2504021287895739e-11
8.026020805118606e-12
5.7589328207541255e-12
4.6562498027924446e-12
4.1681334550958125e-12
3.704046321217902e-12
4.904587694909423e-12
1.844262733357027e-11
3.6924242158420383e-11
6.722582620568573e-11
1.2257887283340096e-10
2.2543556988239287e-10
4.228285513818264e-10
7.736161351203918e-10
1.3090808875858784e-9
2.2087374702095985e-9
3.9132867008447644e-9
6.80319145321846e-9
1.0597117245197296e-8
1.5350347757339477e-8
2.168823778629303e-8
2.8384837508201597e-8
3.6895930767059325e-8
3.996368944644928e-8
3.449040651321411e-8
3.157219886779785e-8
3.11102956533432e-8
3.181353211402893e-8
3.300029933452606e-8
3.479801118373871e-8
3.6451148986816406e-8
3.701074123382568e-8
3.614161014556885e-8
3.4784832596778866e-8
3.3725717663764954e-8
3.331101536750793e-8
3.436808884143829e-8
3.6975282430648804e-8
3.9181742072105404e-8
3.99637371301651e-8
3.997957408428192e-8
4.014241397380829e-8
4.223022162914276e-8
4.7455087304115296e-8
5.1638460159301754e-8
4.763349890708923e-8
4.2487871646881105e-8
4.343096017837524e-8
4.7964733839035034e-8
5.031944513320923e-8
5.102419853210449e-8
5.098438858985901e-8
4.960695207118988e-8
4.710506498813629e-8
4.3074715137481685e-8
3.972877562046051e-8
3.875985741615295e-8
3.959932029247284e-8
3.8009557127952574e-8
3.640313148498535e-8
3.703824281692505e-8
3.9132285118103026e-8
4.100139737129211e-8
4.119501113891602e-8
4.293529391288757e-8
4.549487233161926e-8
4.6020323038101195e-8
4.612298607826233e-8
4.8369467258453364e-8
5.2968478202819824e-8
5.580512881278992e-8
5.67990243434906e-8
5.971169471740722e-8
6.63626492023468e-8
7.396750450134277e-8
8.046675324440002e-8
8.170486092567444e-8
7.775149941444397e-8
7.305911779403686e-8
6.765708327293395e-8
6.166177988052368e-8
5.6894809007644654e-8
4.9668556451797485e-8
3.944924175739288e-8
2.981932759284973e-8
2.135373204946518e-8
1.4943690598011016e-8
1.0633250325918198e-8
7.559686154127121e-9
5.345159024000168e-9
3.709767758846283e-9
2.4963488802313806e-9
1.6276806592941283e-9
1.0232649743556976e-9
6.19986280798912e-10
3.629348939284682e-10
2.1169509273022412e-10
1.2513048714026808e-10
7.320817676372825e-11
4.135406634304672e-11
2.3153376241680235e-11
1.3661909906659274e-11
8.771770808380096e-12
6.240630318643525e-12
4.96395950904116e-12
4.363206608104519e-12
3.821770587819628e-12
5.8064069889951495e-12
2.18062981730327e-11
4.306093615014106e-11
7.713324739597737e-11
1.3848812086507679e-10
2.5046332739293576e-10
4.618952516466379e-10
8.37077759206295e-10
1.4188922010362149e-9
2.4039940908551214e-9
4.209500923752785e-9
7.181768864393234e-9
1.1034657061100006e-8
1.5873576700687406e-8
2.2318993508815766e-8
2.9131403565406798e-8
3.7937596440315244e-8
4.1137701272964475e-8
3.5371425747871395e-8
3.223186433315277e-8
3.16440612077713e-8
3.2185980677604674e-8
3.318440318107605e-8
3.4854614734649654e-8
3.6388173699378965e-8
3.668237030506134e-8
3.539957702159882e-8
3.3641064167022705e-8
3.23289155960083e-8
3.1894272565841674e-8
3.318408727645874e-8
3.6228474974632264e-8
3.889075219631195e-8
3.988003432750702e-8
3.992562294006348e-8
4.0227359533309935e-8
4.2733803391456605e-8
4.87305611371994e-8
5.358338952064514e-8
4.894885122776031e-8
4.282455742359161e-8
4.3190324306488035e-8
4.747204780578613e-8
4.985095262527466e-8
5.068440437316894e-8
5.057229995727539e-8
4.890722930431366e-8
4.6130353212356567e-8
4.198005199432373e-8
3.862965703010559e-8
3.7733763456344605e-8
3.8646832108497616e-8
3.712128102779388e-8
3.556508123874664e-8
3.628759384155273e-8
3.8452151417732235e-8
4.028262197971344e-8
4.036338329315185e-8
4.1974875330924986e-8
4.454979300498962e-8
4.5087233185768126e-8
4.491662979125976e-8
4.6680560708045956e-8
5.10563313961029e-8
5.423306822776794e-8
5.560263991355896e-8
5.857966542243957e-8
6.497135758399963e-8
7.269348502159119e-8
7.980012893676758e-8
8.197519779205322e-8
7.860559225082398e-8
7.440072894096374e-8
6.933525204658508e-8
6.355701684951782e-8
5.908643007278442e-8
5.193804502487182e-8
4.15070652961731e-8
3.1601473689079284e-8
2.2792497277259827e-8
1.600950062274933e-8
1.1380205303430557e-8
8.076653629541396e-9
5.717016384005547e-9
3.979829698801041e-9
2.6895008981227874e-9
1.762893609702587e-9
1.115437876433134e-9
6.794435903429985e-10
3.9850822649896145e-10
2.3235930129885673e-10
1.3751278165727854e-10
8.076556259766221e-11
4.563344409689307e-11
2.544379967730492e-11
1.4943558198865504e-11
9.566345397615805e-12
6.756703805876895e-12
5.294178117765113e-12
4.579458618536591e-12
3.961957918363623e-12
6.868995842523873e-12
2.5546667166054246e-11
4.9762555863708255e-11
8.784980745986104e-11
1.5527185751125216e-10
2.7630492113530634e-10
5.033530760556459e-10
9.081739932298659e-10
1.5407835133373738e-9
2.5986034423112867e-9
4.494296759366989e-9
7.558968663215637e-9
1.1486746370792389e-8
1.6405919194221497e-8
2.2969576716423035e-8
2.9931867122650146e-8
3.900631368160248e-8
4.228279888629913e-8
3.624572157859802e-8
3.2885941863059994e-8
3.213593959808349e-8
3.2512348890304564e-8
3.335040211677551e-8
3.4879270195961e-8
3.62291008234024e-8
3.623007833957672e-8
3.459098935127258e-8
3.253104388713837e-8
3.106273412704468e-8
3.0661815404891964e-8
3.21532279253006e-8
3.551908433437347e-8
3.8528573513031e-8
3.973857462406158e-8
3.9908358454704284e-8
4.041518568992615e-8
4.334381818771362e-8
4.9981823563575744e-8
5.52669882774353e-8
5.007824301719665e-8
4.3171918392181394e-8
4.30343210697174e-8
4.7067916393280026e-8
4.94200199842453e-8
5.028339028358459e-8
5.0071889162063596e-8
4.8182758688926695e-8
4.519250094890594e-8
4.095247089862823e-8
3.760891258716583e-8
3.675532937049865e-8
3.7698188424110414e-8
3.624984920024872e-8
3.476634919643402e-8
3.554757833480835e-8
3.774217963218689e-8
3.954575061798095e-8
3.956431746482849e-8
4.108045697212219e-8
4.3604737520217895e-8
4.410760700702667e-8
4.375347197055817e-8
4.519359469413757e-8
4.932867288589477e-8
5.2644622325897215e-8
5.428431630134582e-8
5.737713575363159e-8
6.366581320762634e-8
7.149671912193298e-8
7.905691862106323e-8
8.201656341552734e-8
7.926084399223328e-8
7.5601065158844e-8
7.0923513174057e-8
6.542045474052429e-8
6.125259399414062e-8
5.42046844959259e-8
4.3594825267791744e-8
3.34152340888977e-8
2.4256789684295653e-8
1.711515486240387e-8
1.2181609123945235e-8
8.639601618051528e-9
6.11623153090477e-9
4.267342016100883e-9
2.8946584090590475e-9
1.906730979681015e-9
1.213163137435913e-9
7.428213488310576e-10
4.3710689060389996e-10
2.5515337474644183e-10
1.511365408077836e-10
8.892588084563612e-11
5.031208856962621e-11
2.7997200959362087e-11
1.6374058031942695e-11
1.042983858496882e-11
7.308353815460577e-12
5.65094051125925e-12
4.818745583179406e-12
4.124096449231729e-12
7.971946615725755e-12
2.979072160087526e-11
5.815528566017747e-11
1.012788969092071e-10
1.772593124769628e-10
3.1211276073008777e-10
5.581268109381199e-10
9.912390261888503e-10
1.6935944557189941e-9
2.8545506298542023e-9
4.8643499612808225e-9
7.984969019889831e-9
1.1843787133693695e-8
1.6728675365447997e-8
2.3400500416755677e-8
3.1737530231475826e-8
4.1612508893013e-8
4.245685040950775e-8
3.6332535743713376e-8
3.3171311020851135e-8
3.190979361534118e-8
3.2378426194190976e-8
3.349177241325378e-8
3.445708453655243e-8
3.5315319895744324e-8
3.5193851590156554e-8
3.3784782886505124e-8
3.178481161594391e-8
3.040414452552795e-8
3.028757274150848e-8
3.1943243741989134e-8
3.5060915350914e-8
3.800135552883148e-8
3.937355875968933e-8
3.956088721752167e-8
4.072537124156952e-8
4.484366476535797e-8
5.294760465621948e-8
5.6868284940719603e-8
5.011237859725952e-8
4.3273043632507325e-8
4.254974424839019e-8
4.641623198986053e-8
4.964380860328674e-8
5.024813413619995e-8
4.908220767974853e-8
4.68823492527008e-8
4.413120150566101e-8
4.0099722146987916e-8
3.665335476398468e-8
3.575842976570129e-8
3.685280084609985e-8
3.573780953884125e-8
3.425938487052917e-8
3.478749394416809e-8
3.6879718303680416e-8
3.889946639537811e-8
3.8807538151741027e-8
3.979020118713379e-8
4.210331439971924e-8
4.3551906943321226e-8
4.335823953151703e-8
4.4407734274864194e-8
4.747328162193298e-8
5.051574110984802e-8
5.348137617111206e-8
5.692527890205383e-8
6.290098428726196e-8
7.006741762161255e-8
7.724183797836304e-8
8.122109770774842e-8
7.935784459114074e-8
7.682632207870483e-8
7.316632866859436e-8
6.737422943115235e-8
6.301180124282836e-8
5.598400235176086e-8
4.546477496623993e-8
3.5427471995353695e-8
2.58587509393692e-8
1.8244677782058716e-8
1.3001030683517455e-8
9.212676435708999e-9
6.536149978637695e-9
4.5644547790288925e-9
3.1023260205984114e-9
2.0621946081519126e-9
1.3188102282583713e-9
8.059442043304443e-10
4.76094800978899e-10
2.8060795739293096e-10
1.662826631218195e-10
9.730186429806053e-11
5.5656715994700786e-11
3.118621534667909e-11
1.816028670873493e-11
1.145367932622321e-11
7.944476237753406e-12
6.08950067544356e-12
5.143939779372885e-12
4.341338717495091e-12
9.205297101289034e-12
3.48482426488772e-11
6.813030340708792e-11
1.1761238565668462e-10
2.043824642896652e-10
3.5503013059496876e-10
6.213792599737644e-10
1.0920442640781403e-9
1.87482051551342e-9
3.151114657521248e-9
5.267369747161865e-9
8.40141326189041e-9
1.2152396887540816e-8
1.6985343396663666e-8
2.405717521905899e-8
3.40022325515747e-8
4.429686963558197e-8
4.252820312976837e-8
3.607969582080841e-8
3.3024752140045165e-8
3.142730593681335e-8
3.204934298992157e-8
3.335620164871216e-8
3.374674916267395e-8
3.4114590287208557e-8
3.3990219235420224e-8
3.297864198684692e-8
3.125417828559875e-8
3.011313676834106e-8
3.0324119329452514e-8
3.204680979251861e-8
3.477151095867157e-8
3.7473151087760924e-8
3.8893359899520874e-8
3.9205238223075863e-8
4.1228741407394404e-8
4.684247076511383e-8
5.6363594532012934e-8
5.8324962854385374e-8
4.992821514606476e-8
4.30766075849533e-8
4.195498824119568e-8
4.586536288261413e-8
4.997755587100982e-8
5.016475915908813e-8
4.794663190841675e-8
4.5443254709243775e-8
4.3010365962982176e-8
3.9257773756980895e-8
3.5751521587371825e-8
3.483027815818787e-8
3.610754609107971e-8
3.5338199138641356e-8
3.3848842978477476e-8
3.408064842224121e-8
3.602845966815948e-8
3.8220277428627014e-8
3.799241483211517e-8
3.843288421630859e-8
4.0551409125328065e-8
4.3001821637153624e-8
4.3198272585868835e-8
4.3891698122024536e-8
4.5822468400001524e-8
4.844397604465484e-8
5.272040963172912e-8
5.6649297475814814e-8
6.235870122909546e-8
6.865236163139343e-8
7.511473298072814e-8
7.997882962226867e-8
7.905623912811279e-8
7.788214087486267e-8
7.548685669898987e-8
6.936649680137634e-8
6.466726660728454e-8
5.7563710212707515e-8
4.7210872173309324e-8
3.7426909804344176e-8
2.754213511943817e-8
1.943690925836563e-8
1.3848829269409179e-8
9.812432527542114e-9
6.9730564951896664e-9
4.876113310456276e-9
3.3211804926395414e-9
2.2243183106184004e-9
1.4305652119219303e-9
8.730418980121612e-10
5.1672188565135e-10
3.074190579354763e-10
1.8284486141055822e-10
1.0662858840078115e-10
6.143876235000789e-11
3.4830137155950066e-11
2.0285358186811207e-11
1.2665397662203758e-11
8.686255023349077e-12
6.603622023249045e-12
5.531364149646833e-12
4.61380768683739e-12
1.0709298658184707e-11
4.076220211572945e-11
7.935372414067387e-11
1.3613642659038305e-10
2.339914673939347e-10
3.9961421862244604e-10
6.899969652295112e-10
1.2084376998245716e-9
2.0705752074718474e-9
3.4438539296388626e-9
5.63737042248249e-9
8.782362937927246e-9
1.248704046010971e-8
1.7405644059181212e-8
2.5054997205734252e-8
3.593848049640655e-8
4.6199026703834534e-8
4.30471807718277e-8
3.5983479022979735e-8
3.275735080242157e-8
3.1084710359573364e-8
3.174887001514435e-8
3.295900523662567e-8
3.29997181892395e-8
3.307475745677948e-8
3.29641580581665e-8
3.219569027423858e-8
3.0745241045951844e-8
2.9860672354698177e-8
3.0278509855270384e-8
3.200250267982483e-8
3.451331257820129e-8
3.7043553590774535e-8
3.8486573100090024e-8
3.909812569618225e-8
4.192155003547668e-8
4.869968295097351e-8
5.900626182556152e-8
5.971443653106689e-8
5.0113964080810546e-8
4.283509850502014e-8
4.1515490412712094e-8
4.5552846789360044e-8
4.9971622228622435e-8
4.9798053503036496e-8
4.696032404899597e-8
4.42339688539505e-8
4.193066358566284e-8
3.834956884384155e-8
3.489272594451904e-8
3.400728106498718e-8
3.54058563709259e-8
3.4833189845085144e-8
3.336446285247803e-8
3.344632983207702e-8
3.527655899524689e-8
3.7457579374313354e-8
3.712002336978912e-8
3.727975785732269e-8
3.930718302726745e-8
4.221917688846588e-8
4.2755335569381714e-8
4.326595067977905e-8
4.4542899727821346e-8
4.6832382678985596e-8
5.168322920799255e-8
5.6024682521820065e-8
6.168399453163147e-8
6.743236184120178e-8
7.3371684551239e-8
7.877670526504517e-8
7.862164378166198e-8
7.863398790359497e-8
7.733378410339355e-8
7.12676465511322e-8
6.646811366081238e-8
5.92858076095581e-8
4.8985952138900755e-8
3.929961025714874e-8
2.9201915860176085e-8
2.069346308708191e-8
1.4753353595733642e-8
1.0457218438386917e-8
7.4365496635437005e-9
5.208496376872063e-9
3.5574715584516524e-9
2.3930976167321205e-9
1.5469861216843127e-9
9.467652067542076e-10
5.612478125840425e-10
3.353849286213517e-10
2.0054506603628397e-10
1.172145362943411e-10
6.769095780327916e-11
3.8656312972307205e-11
2.2615831403527408e-11
1.4044655836187302e-11
9.52946429606527e-12
7.16976574040018e-12
5.9506171965040265e-12
4.9233876779908314e-12
1.249841006938368e-11
4.752385430037975e-11
9.210287826135754e-11
1.566500519402325e-10
2.656190888956189e-10
4.47425153106451e-10
7.663512602448463e-10
1.336634811013937e-9
2.2746454924345015e-9
3.728699311614037e-9
5.9839531779289245e-9
9.151356667280197e-9
1.2872038781642914e-8
1.798112541437149e-8
2.613917589187622e-8
3.761028051376343e-8
4.779984951019287e-8
4.366588294506073e-8
3.597798943519592e-8
3.2517039775848386e-8
3.07828277349472e-8
3.139867186546325e-8
3.244986832141876e-8
3.224567770957947e-8
3.2147133350372316e-8
3.2053929567337034e-8
3.146696090698242e-8
3.0262854695320126e-8
2.9605624079704285e-8
3.016758561134338e-8
3.188485503196716e-8
3.426492512226105e-8
3.668724298477173e-8
3.8195765018463136e-8
3.9165535569190975e-8
4.270307719707489e-8
5.037063956260681e-8
6.120780706405639e-8
6.103724837303161e-8
5.0437581539154054e-8
4.26700085401535e-8
4.120074510574341e-8
4.529546797275543e-8
4.9764072895050045e-8
4.928891658782959e-8
4.6056073904037476e-8
4.316147267818451e-8
4.089822769165039e-8
3.743738532066345e-8
3.4069851040840146e-8
3.324697911739349e-8
3.472427725791931e-8
3.4276545047760006e-8
3.284158408641815e-8
3.284427225589752e-8
3.4571218490600585e-8
3.667280375957489e-8
3.624692857265472e-8
3.625405132770538e-8
3.822733461856842e-8
4.1352856159210206e-8
4.212999045848846e-8
4.25654649734497e-8
4.346724450588226e-8
4.550897181034088e-8
5.056711435317993e-8
5.5192673206329346e-8
6.087759733200074e-8
6.630709767341613e-8
7.189350724220275e-8
7.763472199440002e-8
7.81091034412384e-8
7.914370298385619e-8
7.882359027862548e-8
7.302877902984619e-8
6.83168351650238e-8
6.110293865203857e-8
5.079169869422912e-8
4.112580418586731e-8
3.083270490169525e-8
2.1981097757816315e-8
1.5711739659309388e-8
1.1145474016666413e-8
7.931920140981675e-9
5.5630810558795925e-9
3.809137269854545e-9
2.5718746706843373e-9
1.669565588235855e-9
1.0255596600472927e-9
6.096276920288801e-10
3.6542736925184726e-10
2.1943857427686452e-10
1.2875052634626626e-10
7.458400796167552e-11
4.276776744518429e-11
2.512925420887768e-11
1.558319345349446e-11
1.0482431389391422e-11
7.799962622812017e-12
6.412824586732313e-12
5.268645327305421e-12
1.4732193085364997e-11
5.555502139031887e-11
1.0677960235625505e-10
1.797006814740598e-10
3.007264109328389e-10
5.017999559640884e-10
8.529081009328365e-10
1.4744931831955909e-9
2.4833615869283676e-9
4.008805006742477e-9
6.327184289693832e-9
9.535051137208939e-9
1.3311053812503814e-8
1.8639022111892698e-8
2.7110064029693603e-8
3.894877731800079e-8
4.926171004772186e-8
4.430630505084991e-8
3.6081746220588685e-8
3.236255347728729e-8
3.046198189258575e-8
3.09188038110733e-8
3.187158107757568e-8
3.1582650542259217e-8
3.14122349023819e-8
3.131629824638366e-8
3.081117570400238e-8
2.983463406562805e-8
2.938442826271057e-8
3.005254864692688e-8
3.173697292804718e-8
3.3989244699478146e-8
3.634180426597595e-8
3.7985697388648984e-8
3.9481812715530396e-8
4.3850368261337276e-8
5.246970653533935e-8
6.307851672172546e-8
6.173916459083557e-8
5.080117583274841e-8
4.2475879192352296e-8
4.0817484259605404e-8
4.4882130622863765e-8
4.9177804589271546e-8
4.851930439472198e-8
4.524197876453399e-8
4.236223995685577e-8
4.003503322601318e-8
3.655663728713989e-8
3.3315956592559816e-8
3.265429735183716e-8
3.407214879989624e-8
3.366706669330597e-8
3.233063220977783e-8
3.221496045589447e-8
3.379674255847931e-8
3.581582009792328e-8
3.5409915447235104e-8
3.5317575931549073e-8
3.724486231803894e-8
4.0359827876091e-8
4.1407170891761775e-8
4.204023778438568e-8
4.270914196968078e-8
4.433676600456238e-8
4.934142827987671e-8
5.433895587921142e-8
5.99958062171936e-8
6.522867679595947e-8
7.056248784065246e-8
7.641029953956604e-8
7.744252085685729e-8
7.93414533138275e-8
7.994411587715149e-8
7.468370199203491e-8
7.022359967231751e-8
6.297903060913085e-8
5.260459780693054e-8
4.29435521364212e-8
3.249934911727905e-8
2.3354941606521605e-8
1.675535440444946e-8
1.1870120465755462e-8
8.441049605607985e-9
5.92694878578186e-9
4.065670073032379e-9
2.752713486552238e-9
1.793280243873596e-9
1.1079691350460051e-9
6.618742365390062e-10
3.975334111601114e-10
2.391673624515533e-10
1.4103573048487305e-10
8.197908173315227e-11
4.719199205283075e-11
2.780624199658632e-11
1.7223737086169422e-11
1.152127661043778e-11
8.466703729936853e-12
6.889090582262724e-12
5.638923539663665e-12
1.855073351180181e-11
6.715290364809335e-11
1.263253390789032e-10
2.1046879701316357e-10
3.473424585536122e-10
5.773237440735101e-10
9.651423431932926e-10
1.6234468668699264e-9
2.6998084038496017e-9
4.306979849934578e-9
6.737642735242843e-9
9.99159887433052e-9
1.3747687637805937e-8
1.9244779646396637e-8
2.7273443341255186e-8
3.906352818012238e-8
5.077648162841797e-8
4.5024284720420836e-8
3.658471405506134e-8
3.254875242710113e-8
2.998673915863037e-8
2.990241050720215e-8
3.117604851722717e-8
3.145627677440643e-8
3.1481504440307616e-8
3.120950162410736e-8
3.034052550792694e-8
2.9646933078765868e-8
2.9475533962249756e-8
3.0192261934280395e-8
3.163153827190399e-8
3.347845673561096e-8
3.568939864635467e-8
3.76999169588089e-8
4.080013632774353e-8
4.7564527392387385e-8
5.867142677307129e-8
6.370206475257873e-8
5.879977345466614e-8
5.080931186676025e-8
4.1537946462631225e-8
3.947344422340393e-8
4.332485198974609e-8
4.6881479024887084e-8
4.649372100830078e-8
4.468260407447815e-8
4.28579181432724e-8
4.000614285469055e-8
3.581278026103973e-8
3.2851690053939815e-8
3.293870687484741e-8
3.354163467884064e-8
3.287916481494903e-8
3.1997036933898926e-8
3.1311070919036866e-8
3.242660164833069e-8
3.4467613697052e-8
3.467083573341369e-8
3.445702791213989e-8
3.632511496543884e-8
3.874189555644989e-8
4.0626263618469236e-8
4.3031364679336544e-8
4.3326127529144286e-8
4.311636984348297e-8
4.743595719337463e-8
5.4011511802673336e-8
5.922404527664184e-8
6.420086026191711e-8
6.913682222366333e-8
7.43062138557434e-8
7.599253058433533e-8
7.854608297348022e-8
8.020411729812621e-8
7.648479342460632e-8
7.255827784538268e-8
6.493606567382812e-8
5.4297488927841184e-8
4.480316638946533e-8
3.4524562954902645e-8
2.524689733982086e-8
1.8154484033584595e-8
1.2595926225185393e-8
8.8437020778656e-9
6.2065862119197845e-9
4.254437610507011e-9
2.8794988989830016e-9
1.879569701850414e-9
1.1837841942906378e-9
7.1893697604537e-10
4.297812934964895e-10
2.56243790499866e-10
1.5280687948688864e-10
8.90782568603754e-11
5.154986283741891e-11
3.037848509848118e-11
1.8645978707354515e-11
1.2444870662875473e-11
8.918536332203075e-12
7.150306919356808e-12
5.949592377874069e-12
2.279275795444846e-11
8.026000577956437e-11
1.4881930546835063e-10
2.4465462192893027e-10
4.009715747088194e-10
6.58005615696311e-10
1.0773939080536366e-9
1.7822492867708205e-9
2.9227979481220246e-9
4.614854231476783e-9
7.129065692424774e-9
1.0431352257728577e-8
1.4227257668972015e-8
1.9668604433536528e-8
2.7557867765426635e-8
3.954136073589325e-8
5.189422369003296e-8
4.5826897025108334e-8
3.6988106369972226e-8
3.253888487815857e-8
2.9491639137268066e-8
2.918230891227722e-8
3.0630359053611755e-8
3.1253057718276975e-8
3.1419619917869565e-8
3.1023526191711424e-8
3.0063000321388245e-8
2.9497987031936646e-8
2.949983775615692e-8
3.021879494190216e-8
3.14581036567688e-8
3.306264579296112e-8
3.526768982410431e-8
3.787547647953033e-8
4.243812561035156e-8
5.114145278930664e-8
6.283130645751953e-8
6.422185897827148e-8
5.7499676942825314e-8
5.0036680698394776e-8
4.062827527523041e-8
3.823219835758209e-8
4.172441959381103e-8
4.4912555813789366e-8
4.491992890834808e-8
4.408033192157745e-8
4.288663864135742e-8
3.984841108322143e-8
3.535659611225128e-8
3.2548865675926206e-8
3.280004262924194e-8
3.312281966209411e-8
3.229483067989349e-8
3.1412574648857117e-8
3.0468201637268063e-8
3.1279599666595455e-8
3.328482210636139e-8
3.374800980091095e-8
3.360366821289062e-8
3.5358834266662594e-8
3.7557002902030946e-8
3.990849256515503e-8
4.32877242565155e-8
4.3579828739166255e-8
4.2424687743186947e-8
4.612839818000793e-8
5.3246873617172236e-8
5.833883881568909e-8
6.319921612739563e-8
6.779089570045471e-8
7.247804403305053e-8
7.461270689964294e-8
7.769793272018433e-8
8.033426403999328e-8
7.785766124725341e-8
7.459452152252197e-8
6.69403314590454e-8
5.613986849784851e-8
4.6710407733917236e-8
3.649235069751739e-8
2.706259787082672e-8
1.9551581144332886e-8
1.3456083834171294e-8
9.32324156165123e-9
6.502869725227355e-9
4.453887417912483e-9
3.0141592025756833e-9
1.9760983064770696e-9
1.2568863108754157e-9
7.736849598586559e-10
4.649239592254162e-10
2.7641335036605597e-10
1.647101598791778e-10
9.674777975305915e-11
5.615994450636208e-11
3.3122315653599795e-11
2.026268048211932e-11
1.3364992628339677e-11
9.446489275433123e-12
7.499070488847792e-12
6.242642120923846e-12
2.755069581326097e-11
9.522087057121097e-11
1.7407842678949237e-10
2.8364283498376604e-10
4.597142338752746e-10
7.421034388244151e-10
1.1948307044804096e-9
1.946602389216423e-9
3.1541891396045685e-9
4.921451583504677e-9
7.510774582624435e-9
1.0872700810432433e-8
1.4666523039340973e-8
2.006148397922516e-8
2.793731391429901e-8
4.0133848786354066e-8
5.288458466529846e-8
4.656245112419128e-8
3.730076551437378e-8
3.243097960948944e-8
2.9050904512405394e-8
2.8622418642044066e-8
3.017919361591339e-8
3.1012219190597534e-8
3.12713086605072e-8
3.083449006080627e-8
2.985942959785461e-8
2.9379621148109436e-8
2.9473233222961426e-8
3.0168467760086057e-8
3.1263861060142516e-8
3.2745906710624694e-8
3.509080708026886e-8
3.837989866733551e-8
4.421828985214233e-8
5.4242384433746336e-8
6.592714786529541e-8
6.483242511749267e-8
5.677213668823242e-8
4.914375245571136e-8
3.966127336025238e-8
3.702786266803741e-8
4.0204498171806334e-8
4.321662187576294e-8
4.360609054565429e-8
4.3431466817855835e-8
4.267114996910095e-8
3.961853086948395e-8
3.5027593374252316e-8
3.226877450942993e-8
3.253606557846069e-8
3.271988034248352e-8
3.1760662794113155e-8
3.0774128437042236e-8
2.965862452983856e-8
3.027187883853912e-8
3.22037935256958e-8
3.278456330299377e-8
3.2724195718765254e-8
3.442134261131287e-8
3.657298684120178e-8
3.9221179485321045e-8
4.317069947719574e-8
4.357582926750183e-8
4.1946008801460265e-8
4.518029391765594e-8
5.236325860023498e-8
5.739375352859497e-8
6.217089891433716e-8
6.650506854057311e-8
7.08593189716339e-8
7.330307960510254e-8
7.682667374610901e-8
8.034064173698426e-8
7.891443967819214e-8
7.637959122657775e-8
6.890543699264526e-8
5.805369019508362e-8
4.866264760494232e-8
3.8435047864913937e-8
2.883472144603729e-8
2.0963774621486664e-8
1.4386509358882904e-8
9.87822487950325e-9
6.833996623754501e-9
4.665523767471313e-9
3.1586121767759324e-9
2.0776163786649703e-9
1.3317033648490905e-9
8.278312161564826e-10
5.013335961848497e-10
2.985580591484904e-10
1.7787455581128598e-10
1.0473328875377774e-10
6.109676323831081e-11
3.6074066883884366e-11
2.199350274167955e-11
1.4376058243215084e-11
1.0032045975094661e-11
7.896761962911113e-12
6.549122917931526e-12
3.294025082141161e-11
1.1208908399567007e-10
2.0278142765164374e-10
3.269345499575138e-10
5.226307082921266e-10
8.306915871798991e-10
1.3169290497899055e-9
2.1172378212213514e-9
3.389529138803482e-9
5.226669833064079e-9
7.888902723789214e-9
1.1298701167106628e-8
1.5082962810993195e-8
2.0458175241947172e-8
2.837410271167755e-8
4.076952636241913e-8
5.3806418180465696e-8
4.721395075321197e-8
3.7533268332481385e-8
3.2288318872451784e-8
2.866658568382263e-8
2.816433012485504e-8
2.9787465929985044e-8
3.075191080570221e-8
3.108162879943848e-8
3.06492418050766e-8
2.9692524671554565e-8
2.9271844029426572e-8
2.9410311579704283e-8
3.007319867610931e-8
3.1078362464904785e-8
3.253974020481109e-8
3.512971997261047e-8
3.910548985004425e-8
4.599030315876007e-8
5.690611600875854e-8
6.840766072273254e-8
6.547735333442688e-8
5.627620220184326e-8
4.825707376003265e-8
3.867372274398804e-8
3.586297929286957e-8
3.8799569010734556e-8
4.173559248447418e-8
4.245246648788452e-8
4.275334179401398e-8
4.2321306467056274e-8
3.93406480550766e-8
3.473894298076629e-8
3.199009895324707e-8
3.222633898258209e-8
3.231056034564972e-8
3.1238195300102235e-8
3.0132120847702024e-8
2.8885984420776365e-8
2.935473620891571e-8
3.1198716163635253e-8
3.1828320026397704e-8
3.183766007423401e-8
3.3519449830055235e-8
3.5690313577651973e-8
3.85446310043335e-8
4.284761548042297e-8
4.339485466480255e-8
4.153966009616852e-8
4.443725347518921e-8
5.14842689037323e-8
5.643370151519775e-8
6.112025380134583e-8
6.526598930358886e-8
6.939331293106078e-8
7.205840349197388e-8
7.595116496086121e-8
8.023894429206848e-8
7.972767353057861e-8
7.79484212398529e-8
7.078860998153687e-8
5.998420715332031e-8
5.064353346824646e-8
4.037082195281982e-8
3.058837056159973e-8
2.2389520704746245e-8
1.5370082855224607e-8
1.0493349283933638e-8
7.206092774868011e-9
4.896289482712745e-9
3.3122118562459943e-9
2.1846279501914976e-9
1.4085246250033377e-9
8.828075602650642e-10
5.386555101722479e-10
3.2219504937529563e-10
1.92201544996351e-10
1.1334845330566167e-10
6.631504511460661e-11
3.923914337065071e-11
2.3860990768298506e-11
1.5474754036404193e-11
1.0682971333153546e-11
8.335011079907417e-12
6.879322609165683e-12
3.97852883907035e-11
1.331433653831482e-10
2.3803969379514456e-10
3.76281701028347e-10
5.842537619173527e-10
9.090254083275795e-10
1.428404450416565e-9
2.2679900750517846e-9
3.5618599504232405e-9
5.473137646913528e-9
8.342357724905013e-9
1.1850059032440185e-8
1.5554910898208617e-8
2.0874981582164762e-8
2.8887608647346496e-8
4.137665629386902e-8
5.480323433876037e-8
4.802890717983246e-8
3.7334689497947694e-8
3.1797266006469726e-8
2.8744247555732727e-8
2.8479421138763427e-8
2.9864147305488586e-8
3.079949021339416e-8
3.0966416001319884e-8
3.026169240474701e-8
2.926543951034546e-8
2.8922384977340697e-8
2.911846339702606e-8
2.963246405124664e-8
3.0530127882957454e-8
3.221991062164306e-8
3.5236698389053346e-8
4.010958671569824e-8
4.803853929042816e-8
5.995149016380309e-8
7.164715528488158e-8
6.775933504104613e-8
5.651930570602417e-8
4.5801854133605956e-8
3.5515880584716796e-8
3.2926806807518005e-8
3.674909174442291e-8
4.090404510498047e-8
4.2313766479492185e-8
4.2796069383621216e-8
4.1902142763137814e-8
3.881021738052368e-8
3.45412939786911e-8
3.206923305988312e-8
3.234660625457764e-8
3.2078915834426875e-8
3.08806449174881e-8
2.968446910381317e-8
2.818883657455444e-8
2.82073974609375e-8
2.9799985885620116e-8
3.058708310127258e-8
3.1371301412582393e-8
3.305732905864716e-8
3.495674729347229e-8
3.726638853549957e-8
4.1495892405509945e-8
4.4318184256553646e-8
4.2453104257583616e-8
4.331851303577423e-8
4.920915961265564e-8
5.528128147125244e-8
6.027696132659912e-8
6.486656069755553e-8
6.849792599678039e-8
7.106272578239441e-8
7.454693913459777e-8
7.858362197875976e-8
7.966346740722656e-8
7.963039875030517e-8
7.313317656517028e-8
6.19840145111084e-8
5.215300917625427e-8
4.2014470696449275e-8
3.239245414733887e-8
2.412150353193283e-8
1.6711717844009397e-8
1.1279234290122985e-8
7.62442573904991e-9
5.1619041711091995e-9
3.5052668303251266e-9
2.3083440959453583e-9
1.4791661873459814e-9
9.294669143855571e-10
5.724981892853975e-10
3.4484206698834896e-10
2.0608296617865563e-10
1.2129576643928885e-10
7.201065309345722e-11
4.274154780432582e-11
2.572514349594712e-11
1.6543288074899463e-11
1.1346802784828468e-11
8.81684900377877e-12
7.230149640236049e-12
4.812412662431598e-11
1.5848160255700348e-10
2.783472882583737e-10
4.275954328477382e-10
6.43687741830945e-10
9.83276218175888e-10
1.5305920504033564e-9
2.394985035061836e-9
3.7090420722961423e-9
5.723457038402557e-9
8.821291476488113e-9
1.244090050458908e-8
1.6064700484275817e-8
2.1334394812583923e-8
2.9423186182975767e-8
4.2012619972229004e-8
5.581883192062378e-8
4.869515299797058e-8
3.704294264316559e-8
3.1411442160606385e-8
2.903604507446289e-8
2.9067766666412354e-8
3.0214840173721314e-8
3.0971759557724e-8
3.082967698574066e-8
2.979731857776642e-8
2.8725066781044004e-8
2.843852937221527e-8
2.8645512461662292e-8
2.9016298055648803e-8
2.988306879997253e-8
3.1883180141448976e-8
3.5456484556198115e-8
4.1280558705329896e-8
5.028034448623657e-8
6.325049996376037e-8
7.537992000579834e-8
7.043599486351013e-8
5.62676727771759e-8
4.256769716739654e-8
3.1791740655899044e-8
2.9676616191864012e-8
3.4554028511047365e-8
4.024862349033356e-8
4.252294600009918e-8
4.3068286776542664e-8
4.15529727935791e-8
3.83012592792511e-8
3.440916836261749e-8
3.229210376739502e-8
3.260543048381805e-8
3.199551701545715e-8
3.062293231487274e-8
2.9292255640029907e-8
2.7473768591880796e-8
2.7011212706565855e-8
2.832631468772888e-8
2.9342511296272276e-8
3.091954588890075e-8
3.272854089736938e-8
3.426498770713806e-8
3.589813709259033e-8
4.003243446350097e-8
4.5267215371131896e-8
4.356079697608948e-8
4.229454398155212e-8
4.677465856075287e-8
5.387156009674072e-8
5.940470695495605e-8
6.472519040107727e-8
6.789720058441161e-8
7.02027142047882e-8
7.294893860816955e-8
7.641183733940125e-8
7.907856702804565e-8
8.103577494621276e-8
7.545494437217712e-8
6.398608088493346e-8
5.356976389884948e-8
4.3511325120925904e-8
3.417264223098755e-8
2.5990200042724607e-8
1.8244394659996033e-8
1.2225767225027084e-8
8.127566426992416e-9
5.465307459235191e-9
3.7202816456556317e-9
2.444772236049175e-9
1.5531969256699084e-9
9.733815677464008e-10
6.036704406142234e-10
3.6655741278082133e-10
2.196993678808212e-10
1.2945178896188736e-10
7.773758843541145e-11
4.646690795198083e-11
2.7720088837668298e-11
1.7641774320509284e-11
1.2037653505103661e-11
9.325111750513315e-12
7.610583998030051e-12
5.765030509792268e-11
1.8666314426809548e-10
3.2008171547204254e-10
4.783864133059978e-10
7.044837344437837e-10
1.0607881471514702e-9
1.6295928508043287e-9
2.5176791474223134e-9
3.881236165761947e-9
6.0118120163679124e-9
9.27337035536766e-9
1.2984219193458556e-8
1.657399535179138e-8
2.1821720898151397e-8
2.995871305465698e-8
4.2689767479896544e-8
5.6734573841094966e-8
4.9128869175910946e-8
3.695814311504364e-8
3.1338250637054445e-8
2.9289111495018003e-8
2.947818338871002e-8
3.052876591682434e-8
3.105795979499817e-8
3.063430786132812e-8
2.938495576381683e-8
2.824045121669769e-8
2.7956625819206237e-8
2.813289165496826e-8
2.845201194286346e-8
2.938612401485443e-8
3.1683579087257386e-8
3.583310544490814e-8
4.2520412802696224e-8
5.251445770263672e-8
6.639548540115357e-8
7.879589200019836e-8
7.218238711357116e-8
5.5188453197479246e-8
3.9746320247650146e-8
2.8915932774543762e-8
2.7264055609703063e-8
3.277265429496765e-8
3.944978415966034e-8
4.2449751496315e-8
4.30991917848587e-8
4.130086302757263e-8
3.797467350959778e-8
3.430857062339783e-8
3.241422176361084e-8
3.2732889056205745e-8
3.193169236183166e-8
3.036503493785858e-8
2.883244454860687e-8
2.6733827590942383e-8
2.595739960670471e-8
2.7078303694725035e-8
2.8267282247543332e-8
3.024271130561829e-8
3.222765326499939e-8
3.355845510959625e-8
3.485797643661499e-8
3.906283676624298e-8
4.5476233959198e-8
4.400392472743988e-8
4.165239036083221e-8
4.512781798839569e-8
5.243857502937317e-8
5.835727453231811e-8
6.425932645797729e-8
6.724511981010436e-8
6.934382915496825e-8
7.155154347419738e-8
7.469633817672729e-8
7.848848700523376e-8
8.195466995239257e-8
7.732694149017333e-8
6.588610410690307e-8
5.518882274627685e-8
4.5090255141258236e-8
3.59027624130249e-8
2.7784377336502073e-8
1.9748774170875548e-8
1.3247200846672057e-8
8.72209295630455e-9
5.810748413205147e-9
3.943230211734771e-9
2.5872409343719482e-9
1.6368035227060318e-9
1.0222543030977248e-9
6.355096586048603e-10
3.8832738064229484e-10
2.339273924008012e-10
1.3840396422892807e-10
8.3561975043267e-11
5.024594138376415e-11
2.992561494465917e-11
1.887663238449022e-11
1.2786687875632196e-11
9.861995931714773e-12
8.024006820051e-12
6.836525863036513e-11
2.1669943816959856e-10
3.626233199611306e-10
5.300030577927828e-10
7.669276092201471e-10
1.1383705772459507e-9
1.7269689589738845e-9
2.646740712225437e-9
4.072874784469605e-9
6.311965733766555e-9
9.712445735931397e-9
1.35026216506958e-8
1.7078639566898344e-8
2.2318817675113678e-8
3.050407171249389e-8
4.336486160755157e-8
5.754804611206054e-8
4.951116144657135e-8
3.701456785202026e-8
3.140610158443451e-8
2.9525941610336304e-8
2.9799813032150266e-8
3.0763179063796996e-8
3.107922375202179e-8
3.0416312813758845e-8
2.9000109434127808e-8
2.7786961197853086e-8
2.7476224303245543e-8
2.7625474333763122e-8
2.7950701117515562e-8
2.9006043076515195e-8
3.161851167678833e-8
3.633137345314026e-8
4.381787776947021e-8
5.4705619812011716e-8
6.932039856910705e-8
8.173500299453735e-8
7.315104007720947e-8
5.379547476768493e-8
3.731293678283691e-8
2.6674357056617736e-8
2.5403669476509092e-8
3.1295534968376156e-8
3.860843181610107e-8
4.217608869075775e-8
4.298412501811981e-8
4.1088131070137024e-8
3.774945735931396e-8
3.422828614711761e-8
3.2468745112419125e-8
3.278535008430481e-8
3.184417486190796e-8
3.0089029669761655e-8
2.8339615464210508e-8
2.600964605808258e-8
2.5012511014938352e-8
2.5996920466423032e-8
2.7284228801727294e-8
2.948108911514282e-8
3.1603118777275085e-8
3.285468518733978e-8
3.401501476764679e-8
3.831022679805755e-8
4.533092975616455e-8
4.405994713306427e-8
4.11456823348999e-8
4.393857717514038e-8
5.112088322639465e-8
5.725182294845581e-8
6.356073021888733e-8
6.651328802108765e-8
6.84743046760559e-8
7.031489610671997e-8
7.330023050308228e-8
7.790874242782593e-8
8.255457282066344e-8
7.885209918022156e-8
6.764368414878844e-8
5.6875056028366084e-8
4.6738266944885254e-8
3.762122988700867e-8
2.9530054330825805e-8
2.1241365373134612e-8
1.431376338005066e-8
9.385765343904495e-9
6.203110143542289e-9
4.185313731431961e-9
2.7379434555768964e-9
1.7272574827075003e-9
1.075984165072441e-9
6.691599730402231e-10
4.1055311448872087e-10
2.4865879677236077e-10
1.4783554943278432e-10
8.969344198703765e-11
5.415425985120237e-11
3.226638655178249e-11
2.024225832428783e-11
1.3606362335849553e-11
1.0439592006150633e-11
8.46875991555862e-12
7.964976830407976e-11
2.4688867852091786e-10
4.045575857162475e-10
5.813546944409608e-10
8.285530842840671e-10
1.2147014960646628e-9
1.8260249868035315e-9
2.7825942263007164e-9
4.277603328227996e-9
6.623939424753189e-9
1.0175537317991257e-8
1.4032068848609924e-8
1.7569392919540406e-8
2.2802695631980895e-8
3.1049051880836486e-8
4.394988417625427e-8
5.8214294910430904e-8
5.014260411262512e-8
3.7255254387855526e-8
3.1530389189720153e-8
2.9698356986045837e-8
2.999385893344879e-8
3.0864635109901425e-8
3.099358677864075e-8
3.013535141944885e-8
2.8635838627815246e-8
2.7380034327507018e-8
2.7007597684860228e-8
2.7120760083198545e-8
2.7493700385093688e-8
2.8732919692993164e-8
3.1686151027679444e-8
3.693408966064453e-8
4.5197233557701106e-8
5.6842356920242304e-8
7.177866697311402e-8
8.378978967666626e-8
7.349029183387756e-8
5.251360535621643e-8
3.549049496650696e-8
2.5001689791679382e-8
2.405218034982681e-8
3.024775981903076e-8
3.783058822154999e-8
4.178211987018585e-8
4.270040988922119e-8
4.0805813670158384e-8
3.7569949030876156e-8
3.415827453136444e-8
3.247062563896179e-8
3.2710376381874085e-8
3.161772191524505e-8
2.980966866016388e-8
2.7898767590522766e-8
2.5369569659233093e-8
2.418476939201355e-8
2.5029438734054564e-8
2.6347211003303526e-8
2.865237593650818e-8
3.099493086338043e-8
3.219810128211975e-8
3.326177597045898e-8
3.757200241088867e-8
4.470332860946655e-8
4.3870159983634946e-8
4.090432524681091e-8
4.3175455927848815e-8
4.983370006084442e-8
5.602190494537353e-8
6.270267963409424e-8
6.583048105239867e-8
6.765979528427124e-8
6.924074292182922e-8
7.212756872177123e-8
7.717407941818237e-8
8.269801139831542e-8
7.995153665542602e-8
6.9275164604187e-8
5.8672618865966797e-8
4.850875437259674e-8
3.935528099536896e-8
3.1227025389671324e-8
2.2764217853546142e-8
1.5462620556354522e-8
1.0137926042079926e-8
6.66448101401329e-9
4.470072686672211e-9
2.911815419793129e-9
1.831488497555256e-9
1.1393963359296322e-9
7.081871852278709e-10
4.349458497017622e-10
2.6417120825499295e-10
1.5799752436578272e-10
9.625692619010806e-11
5.840237135998905e-11
3.488017537165433e-11
2.1757700596936047e-11
1.4522809942718594e-11
1.1081129196099937e-11
8.952232019510119e-12
8.852336322888732e-11
2.6914919726550576e-10
4.350855946540832e-10
6.228427868336439e-10
8.798126131296158e-10
1.28469318151474e-9
1.9270265474915502e-9
2.9158253222703933e-9
4.498647525906563e-9
6.991370022296905e-9
1.0867735743522644e-8
1.4720846712589263e-8
1.799839437007904e-8
2.3166304826736448e-8
3.155485689640045e-8
4.403849542140961e-8
5.833490490913391e-8
5.2433663606643673e-8
3.81620317697525e-8
3.15828800201416e-8
2.948828935623169e-8
2.9701465368270872e-8
3.0483928322792054e-8
3.048329949378967e-8
2.952083349227905e-8
2.8304138779640198e-8
2.7167794108390805e-8
2.656086981296539e-8
2.6500654220581054e-8
2.695797085762024e-8
2.856510579586029e-8
3.194281458854675e-8
3.7656328082084654e-8
4.689926207065582e-8
5.900261402130127e-8
7.261662483215331e-8
8.295493125915527e-8
7.304410934448242e-8
5.259879231452942e-8
3.562715351581573e-8
2.441878467798233e-8
2.3814354836940766e-8
3.0691725015640254e-8
3.748347163200378e-8
4.134392738342285e-8
4.1868364810943605e-8
3.999278843402862e-8
3.735727667808533e-8
3.409589827060699e-8
3.235745728015899e-8
3.20844441652298e-8
3.0689749121665955e-8
2.9620155692100523e-8
2.78811901807785e-8
2.5111681222915647e-8
2.3605167865753172e-8
2.411392480134964e-8
2.5322955846786497e-8
2.7620810270309447e-8
3.090746104717255e-8
3.1824639439582825e-8
3.24114978313446e-8
3.6272132396698e-8
4.2139580845832825e-8
4.329752922058105e-8
4.221664369106292e-8
4.354898035526275e-8
4.801315665245056e-8
5.3969973325729366e-8
6.167241334915161e-8
6.592219471931457e-8
6.730546951293945e-8
6.85347855091095e-8
7.108596563339234e-8
7.531837224960327e-8
8.105533123016356e-8
7.972884774208068e-8
7.086653709411621e-8
6.120043396949767e-8
5.088276267051697e-8
4.119056165218353e-8
3.2747507095336915e-8
2.4526891112327574e-8
1.6995519399642944e-8
1.1207670718431473e-8
7.357051968574524e-9
4.9195766448974606e-9
3.1900756061077114e-9
1.998845487833023e-9
1.2473762035369872e-9
7.731932215392589e-10
4.703362006694078e-10
2.8285789303481576e-10
1.7081713303923605e-10
1.0418518213555217e-10
6.398193654604256e-11
3.868520725518465e-11
2.3705046623945236e-11
1.5667789557483045e-11
1.1892369366250932e-11
9.513342229183762e-12
9.736607898958026e-11
2.915512304753065e-10
4.677768331021071e-10
6.643902976065873e-10
9.336503222584725e-10
1.3581621460616587e-9
2.027364075183868e-9
3.065650351345539e-9
4.737192019820213e-9
7.41213858127594e-9
1.1480478197336197e-8
1.5342427790164948e-8
1.846797317266464e-8
2.3571476340293884e-8
3.192858099937439e-8
4.431216716766357e-8
5.907672047615051e-8
5.391557812690735e-8
3.896967768669128e-8
3.169368803501129e-8
2.9317209124565123e-8
2.9400277137756347e-8
3.007743954658508e-8
2.997588515281677e-8
2.9042041301727293e-8
2.795157432556152e-8
2.683802843093872e-8
2.6117148995399472e-8
2.5982922315597535e-8
2.655591368675232e-8
2.8459146618843076e-8
3.2239791750907895e-8
3.849406540393829e-8
4.840011596679687e-8
6.064031720161437e-8
7.334098219871521e-8
8.254864811897278e-8
7.275344729423522e-8
5.2578693628311155e-8
3.543785214424133e-8
2.4186153709888458e-8
2.376013696193695e-8
3.071743547916412e-8
3.723006546497345e-8
4.0837857127189636e-8
4.115215837955475e-8
3.938408493995666e-8
3.705845773220062e-8
3.394767343997955e-8
3.2082775235176085e-8
3.150975704193115e-8
3.009496331214905e-8
2.9306086897850036e-8
2.7714353799819945e-8
2.480321228504181e-8
2.304311394691467e-8
2.3313501477241516e-8
2.440977692604065e-8
2.682879865169525e-8
3.0451300740242e-8
3.1372886896133425e-8
3.1631207466125484e-8
3.503129482269287e-8
4.035967290401459e-8
4.251621067523956e-8
4.258441925048828e-8
4.3646806478500365e-8
4.6886721253395076e-8
5.241143703460693e-8
6.053522229194641e-8
6.554774641990661e-8
6.685492992401123e-8
6.788294911384582e-8
7.009053826332092e-8
7.376686930656432e-8
7.968294620513915e-8
7.94329285621643e-8
7.19989001750946e-8
6.328958868980408e-8
5.312521457672119e-8
4.3147012591361994e-8
3.4475144743919374e-8
2.61866956949234e-8
1.8499784171581268e-8
1.234230175614357e-8
8.123193681240081e-9
5.419469997286796e-9
3.5014212131500244e-9
2.1874954923987387e-9
1.3628688640892504e-9
8.438071236014365e-10
5.101354792714119e-10
3.0497706029564143e-10
1.8381497357040644e-10
1.1297287419438362e-10
6.984079955145716e-11
4.247966862749308e-11
2.598278224468231e-11
1.694950769888237e-11
1.2756808428093791e-11
1.0144244879484176e-11
1.062216586433351e-10
3.1488379463553425e-10
5.011366680264473e-10
7.075926288962364e-10
9.896587580442428e-10
1.4332191087305546e-9
2.1343838423490523e-9
3.2266978174448013e-9
5.003264918923378e-9
7.831694930791855e-9
1.2058657407760619e-8
1.5930142998695374e-8
1.894649565219879e-8
2.397262454032898e-8
3.2296624779701233e-8
4.475232362747192e-8
6.000487208366393e-8
5.5095487833023066e-8
3.961464464664459e-8
3.182106912136078e-8
2.9163536429405212e-8
2.9095634818077087e-8
2.966354191303253e-8
2.9508963227272034e-8
2.8609469532966612e-8
2.757842242717743e-8
2.6462888717651365e-8
2.5687399506568906e-8
2.554833889007568e-8
2.6250410079956054e-8
2.842205762863159e-8
3.259257972240448e-8
3.933797776699066e-8
4.97068703174591e-8
6.195986866950988e-8
7.400193810462951e-8
8.239921331405639e-8
7.255429625511169e-8
5.244520306587219e-8
3.526526093482971e-8
2.4059794843196866e-8
2.3698483407497406e-8
3.062359392642975e-8
3.6945772171020504e-8
4.0332865715026854e-8
4.053345322608948e-8
3.8864383101463313e-8
3.673093914985656e-8
3.370677530765533e-8
3.1741705536842344e-8
3.101391792297363e-8
2.9615747928619383e-8
2.89657324552536e-8
2.7447199821472168e-8
2.4447721242904663e-8
2.250629961490631e-8
2.2594322264194487e-8
2.3617103695869444e-8
2.6105955243110656e-8
2.987118065357208e-8
3.0821692943572995e-8
3.087773323059082e-8
3.3924272656440734e-8
3.8975656032562257e-8
4.1665798425674435e-8
4.245436787605286e-8
4.350543320178986e-8
4.608192145824432e-8
5.119782090187072e-8
5.942322611808776e-8
6.491304636001587e-8
6.628977060317992e-8
6.722060441970825e-8
6.914784312248229e-8
7.245264053344727e-8
7.8505140542984e-8
7.909298539161682e-8
7.281941175460815e-8
6.50305151939392e-8
5.5197542905807493e-8
4.5134559273719784e-8
3.62982302904129e-8
2.786876857280731e-8
1.997917294502258e-8
1.3511319458484649e-8
8.952122926712035e-9
5.974007397890091e-9
3.849143907427787e-9
2.397305704653263e-9
1.4901649206876753e-9
9.203844703733921e-10
5.544443149119615e-10
3.297131974250078e-10
1.9829950761049986e-10
1.2219352647662162e-10
7.607523002661765e-11
4.649032198358327e-11
2.841464302036911e-11
1.8396854284219442e-11
1.3710599159821867e-11
1.0839474998647347e-11
1.1526565067470073e-10
3.3877273090183736e-10
5.356572102755308e-10
7.5236726552248e-10
1.0473868809640407e-9
1.5118665993213653e-9
2.2480281069874762e-9
3.4025534987449646e-9
5.281632766127586e-9
8.248081803321838e-9
1.2612798810005187e-8
1.649783104658127e-8
1.9418950378894805e-8
2.4375128746032715e-8
3.26994776725769e-8
4.5300948619842524e-8
6.098940968513489e-8
5.611013174057007e-8
4.0148672461509705e-8
3.1930553913116456e-8
2.901545763015747e-8
2.8791353106498716e-8
2.9260891675949095e-8
2.907222211360931e-8
2.8195565938949585e-8
2.719217538833618e-8
2.607334554195404e-8
2.5283223390579224e-8
2.518137991428375e-8
2.6023781299591062e-8
2.845083475112915e-8
3.2983002066612245e-8
4.0145492553710935e-8
5.085002779960632e-8
6.307060122489928e-8
7.461885809898376e-8
8.240344524383544e-8
7.240858674049377e-8
5.228909850120544e-8
3.512076437473297e-8
2.3962917923927307e-8
2.3614118993282318e-8
3.0470207333564755e-8
3.662927746772766e-8
3.984672725200653e-8
3.998315632343292e-8
3.83924126625061e-8
3.6380869150161744e-8
3.34056556224823e-8
3.137839436531067e-8
3.056959211826324e-8
2.9191249608993528e-8
2.8610548377037048e-8
2.712035775184631e-8
2.4059610068798064e-8
2.1991026401519776e-8
2.1944059431552887e-8
2.2909820079803467e-8
2.542124092578888e-8
2.9235452413558958e-8
3.0205553770065306e-8
3.01402747631073e-8
3.293741941452026e-8
3.7812277674674984e-8
4.079911708831787e-8
4.2051962018012995e-8
4.318617284297943e-8
4.5414137840271e-8
5.02077043056488e-8
5.8380180597305296e-8
6.414244174957275e-8
6.562797427177429e-8
6.6525399684906e-8
6.824965476989746e-8
7.131516933441162e-8
7.747226357460021e-8
7.872943878173828e-8
7.342004776000977e-8
6.649442911148071e-8
5.709220767021179e-8
4.7090563178062437e-8
3.8166934251785274e-8
2.9583942890167237e-8
2.1467870473861692e-8
1.4702573418617247e-8
9.831099957227706e-9
6.5815769135951995e-9
4.2357407510280605e-9
2.6308218017220494e-9
1.6307368874549864e-9
1.0045575909316538e-9
6.031314842402935e-10
3.57293919660151e-10
2.1427278406918048e-10
1.3218270614743233e-10
8.26554954983294e-11
5.075272638350725e-11
3.102967166341841e-11
1.997884828597307e-11
1.4773856673855333e-11
1.1605950567172839e-11
1.221243292093277e-10
3.5704707261174916e-10
5.683765746653079e-10
7.984780706465244e-10
1.1045530438423155e-9
1.5809647738933562e-9
2.3379297927021978e-9
3.5455297678709027e-9
5.527595058083534e-9
8.656094968318938e-9
1.2945321202278137e-8
1.6785095632076263e-8
2.0309746265411375e-8
2.5154483318328855e-8
3.2669860124588014e-8
4.4537332653999324e-8
6.014299392700195e-8
5.736612677574157e-8
4.1993069648742676e-8
3.262353241443634e-8
2.895192503929138e-8
2.843767702579498e-8
2.8510183095932004e-8
2.8323984146118164e-8
2.7639606595039366e-8
2.657669186592102e-8
2.5580576062202453e-8
2.4864439666271207e-8
2.478670626878738e-8
2.584812045097351e-8
2.8624624013900756e-8
3.357957899570465e-8
4.0982136130332946e-8
5.078073143959045e-8
6.162732839584351e-8
7.178238630294799e-8
7.857533693313598e-8
7.174362540245055e-8
5.680423974990845e-8
3.9493224024772643e-8
2.5847524404525755e-8
2.454634606838226e-8
3.0699315667152405e-8
3.6235201358795164e-8
3.903657793998718e-8
3.9079949259757996e-8
3.796725273132324e-8
3.6255234479904176e-8
3.342792689800262e-8
3.128535747528076e-8
3.032485246658325e-8
2.8792923688888548e-8
2.8119707107543944e-8
2.6612621545791625e-8
2.3800131678581235e-8
2.1834117174148558e-8
2.135114073753357e-8
2.231049984693527e-8
2.4846410751342773e-8
2.8311359882354734e-8
2.939763069152832e-8
2.954275906085968e-8
3.227863609790802e-8
3.700190484523773e-8
3.9675739407539365e-8
4.1101765632629394e-8
4.307040572166443e-8
4.583131968975067e-8
5.0113362073898314e-8
5.7111090421676635e-8
6.262590885162353e-8
6.409916877746581e-8
6.487109065055847e-8
6.686069369316101e-8
7.01945662498474e-8
7.706767320632934e-8
7.91581630706787e-8
7.391180992126464e-8
6.772597432136535e-8
5.909203886985779e-8
4.9054208397865296e-8
3.985177278518677e-8
3.099484145641327e-8
2.2884084284305572e-8
1.5988345444202423e-8
1.0751298815011977e-8
7.240168750286102e-9
4.730300977826118e-9
2.9586296528577804e-9
1.8272463232278823e-9
1.1179086752235889e-9
6.708950269967317e-10
3.970210440456867e-10
2.36381939612329e-10
1.4388117706403135e-10
9.045284241437912e-11
5.6635029613971705e-11
3.462477179709822e-11
2.2163038374856114e-11
1.631898194318637e-11
1.2589631660375744e-11
1.2766231084242462e-10
3.7376924883574247e-10
6.005248986184597e-10
8.444678969681262e-10
1.1593916453421116e-9
1.6430413350462913e-9
2.416735701262951e-9
3.6731977015733717e-9
5.759652331471443e-9
8.9882954955101e-9
1.318220943212509e-8
1.71206071972847e-8
2.1245992183685303e-8
2.588473856449127e-8
3.239070177078247e-8
4.331557154655456e-8
5.8736562728881835e-8
5.8548444509506225e-8
4.409835934638977e-8
3.3604529500007626e-8
2.9010185599327085e-8
2.800954282283783e-8
2.766607105731964e-8
2.7461707592010498e-8
2.6942434906959532e-8
2.588815987110138e-8
2.5027126073837278e-8
2.4419280886650083e-8
2.4409125745296476e-8
2.5701624155044554e-8
2.883947193622589e-8
3.416801393032074e-8
4.1531580686569215e-8
4.994247257709503e-8
5.8957231044769285e-8
6.754797101020813e-8
7.357522249221801e-8
7.058240771293639e-8
6.255990266799926e-8
4.620184302330017e-8
2.928621172904968e-8
2.6163458824157715e-8
3.11626136302948e-8
3.586391508579254e-8
3.813553154468536e-8
3.813783228397369e-8
3.754481971263885e-8
3.622720837593078e-8
3.3575004339218136e-8
3.1326037645339964e-8
3.016674518585205e-8
2.8414073586463926e-8
2.7588310837745666e-8
2.6105153560638426e-8
2.3588594794273376e-8
2.1724425256252288e-8
2.0894122123718262e-8
2.1779713034629822e-8
2.4250315129756927e-8
2.7367186546325682e-8
2.8534430265426635e-8
2.8962424397468567e-8
3.1746348738670345e-8
3.6308762431144715e-8
3.856164216995239e-8
4.006336033344269e-8
4.297149777412414e-8
4.65349018573761e-8
5.033010244369507e-8
5.5944353342056274e-8
6.086151003837585e-8
6.215364336967468e-8
6.278592944145202e-8
6.519922018051147e-8
6.903163194656372e-8
7.684924006462096e-8
7.984168529510497e-8
7.445363402366637e-8
6.88851237297058e-8
6.100949048995971e-8
5.0967657566070554e-8
4.145449101924896e-8
3.231048583984375e-8
2.4214108288288116e-8
1.7265911400318146e-8
1.172967180609703e-8
7.96142891049385e-9
5.291859433054924e-9
3.359178453683853e-9
2.0772831514477727e-9
1.2628760188817977e-9
7.559884339570998e-10
4.4715916737914085e-10
2.6418331544846294e-10
1.5845460584387182e-10
9.957830188795923e-11
6.347190355882048e-11
3.9120807196013626e-11
2.493415959179401e-11
1.8225279927719385e-11
1.3832758122589438e-11
1.3354859547689557e-10
3.933316096663475e-10
6.338642444461583e-10
8.894111029803752e-10
1.2125478126108646e-9
1.7064115032553672e-9
2.503830939531326e-9
3.813977539539337e-9
5.983207002282142e-9
9.261467307806015e-9
1.3496282696723938e-8
1.7618325352668762e-8
2.1928927302360534e-8
2.6320472359657285e-8
3.215926587581634e-8
4.251812994480133e-8
5.7985383272171015e-8
5.951214432716369e-8
4.553652703762054e-8
3.4409618377685545e-8
2.9087591171264646e-8
2.7574920654296875e-8
2.694951295852661e-8
2.6690030097961424e-8
2.622891068458557e-8
2.5254905223846436e-8
2.448671758174896e-8
2.3980137705802916e-8
2.4092569947242736e-8
2.559264600276947e-8
2.9021337628364563e-8
3.45682293176651e-8
4.1692107915878294e-8
4.9023470282554626e-8
5.657963752746582e-8
6.397945284843445e-8
6.975000500679016e-8
6.981553435325623e-8
6.68908417224884e-8
5.1942545175552364e-8
3.274785578250885e-8
2.7798992395401e-8
3.167881965637207e-8
3.557348549365997e-8
3.740066587924957e-8
3.740787804126739e-8
3.7136664986610414e-8
3.614008128643036e-8
3.362312316894531e-8
3.1311741471290584e-8
2.9981908202171327e-8
2.8055354952812194e-8
2.712143063545227e-8
2.569175362586975e-8
2.332664132118225e-8
2.147764414548874e-8
2.0523639023303984e-8
2.1280318498611448e-8
2.3614466190338135e-8
2.6557451486587522e-8
2.7741315960884093e-8
2.8325107693672178e-8
3.115229308605194e-8
3.5575392842292784e-8
3.763571679592133e-8
3.924129903316498e-8
4.271634519100189e-8
4.680088460445404e-8
5.03442108631134e-8
5.505685806274414e-8
5.934261679649353e-8
6.034976840019226e-8
6.088183522224427e-8
6.358623504638672e-8
6.785299777984618e-8
7.642983794212341e-8
8.022403717041016e-8
7.503429055213928e-8
7.002933621406555e-8
6.269954442977905e-8
5.2771776914596556e-8
4.309522807598114e-8
3.373662531375885e-8
2.553398311138153e-8
1.8484482169151305e-8
1.2740270793437957e-8
8.742249011993407e-9
5.880480632185936e-9
3.784186765551567e-9
2.3575156927108764e-9
1.4311417937278747e-9
8.530834689736366e-10
5.0314050167799e-10
2.95743765309453e-10
1.7585906898602843e-10
1.1002211831510067e-10
7.060194620862603e-11
4.398053570184856e-11
2.8051433037035166e-11
2.0334465079940855e-11
1.5290906594600526e-11
1.401041867211461e-10
4.1436743922531605e-10
6.679126527160406e-10
9.336983785033226e-10
1.2653952464461326e-9
1.7726140096783637e-9
2.5982286781072614e-9
3.9591100066900254e-9
6.191413104534149e-9
9.533683955669402e-9
1.3866448402404785e-8
1.8119882047176362e-8
2.2469408810138702e-8
2.660294473171234e-8
3.198560774326324e-8
4.2020672559738156e-8
5.764062404632568e-8
6.030858755111694e-8
4.66014564037323e-8
3.502276837825775e-8
2.9129514098167417e-8
2.717783749103546e-8
2.631254196166992e-8
2.597955763339996e-8
2.5545969605445862e-8
2.464814484119415e-8
2.396758645772934e-8
2.35640287399292e-8
2.3812223970890046e-8
2.550208866596222e-8
2.9149335622787476e-8
3.4791651368141175e-8
4.160758554935455e-8
4.8058289289474485e-8
5.445882081985473e-8
6.09752595424652e-8
6.67865514755249e-8
6.931165456771851e-8
7.041706442832947e-8
5.689992904663086e-8
3.595404326915741e-8
2.942695617675781e-8
3.224711120128631e-8
3.5381463170051575e-8
3.681773841381073e-8
3.6813941597938536e-8
3.6761045455932615e-8
3.6005294322967527e-8
3.3600372076034544e-8
3.124500513076782e-8
2.977921366691589e-8
2.7718102931976316e-8
2.6710882782936094e-8
2.5316232442855835e-8
2.3029769957065582e-8
2.1189531683921814e-8
2.0163264870643615e-8
2.080492079257965e-8
2.3000794649124145e-8
2.5815191864967346e-8
2.7000820636749266e-8
2.7672690153121947e-8
3.051761388778687e-8
3.4839582443237305e-8
3.682119846343994e-8
3.853504657745361e-8
4.2369213700294494e-8
4.679453074932098e-8
5.0199764966964717e-8
5.430248975753784e-8
5.801289081573486e-8
5.8708119392395014e-8
5.914186239242554e-8
6.203151941299438e-8
6.666668653488158e-8
7.586116194725036e-8
8.038226962089538e-8
7.556821703910828e-8
7.111549973487854e-8
6.424307227134704e-8
5.447721481323242e-8
4.4737109541893005e-8
3.521243631839752e-8
2.6871630549430845e-8
1.9687667489051817e-8
1.3757157325744628e-8
9.562601149082184e-9
6.508173048496246e-9
4.236920922994613e-9
2.6642628014087677e-9
1.6221377998590468e-9
9.645316749811172e-10
5.665804259479046e-10
3.3151833340525625e-10
1.9592060707509518e-10
1.220037811435759e-10
7.84352421760559e-11
4.919179482385516e-11
3.147856332361698e-11
2.2717585670761762e-11
1.6961606161203234e-11
1.4718692982569336e-10
4.3653706088662146e-10
7.023751735687256e-10
9.77449957281351e-10
1.3186349533498287e-9
1.8402704969048498e-9
2.6869602501392365e-9
4.07721996307373e-9
6.357499212026595e-9
9.773088246583938e-9
1.4184893667697906e-8
1.854331940412521e-8
2.2952374815940855e-8
2.6866954565048218e-8
3.189313411712646e-8
4.161983728408813e-8
5.7024616003036493e-8
6.068116426467895e-8
4.772405922412872e-8
3.5831257700920106e-8
2.9279664158821103e-8
2.6828911900520325e-8
2.5771844387054442e-8
2.5352460145950317e-8
2.4905121326446533e-8
2.4079953134059904e-8
2.34262153506279e-8
2.309071123600006e-8
2.349872589111328e-8
2.5311502814292906e-8
2.899479568004608e-8
3.453526496887207e-8
4.09570574760437e-8
4.6689569950103756e-8
5.22723913192749e-8
5.828905701637268e-8
6.442669630050658e-8
6.876951456069947e-8
7.262861728668212e-8
6.165109872817993e-8
4.0199792385101315e-8
3.1678754091262813e-8
3.29576164484024e-8
3.530381917953491e-8
3.64798903465271e-8
3.656848073005676e-8
3.6625564098358154e-8
3.5930839180946346e-8
3.349598944187164e-8
3.107660114765167e-8
2.9560688138008116e-8
2.739810049533844e-8
2.6322257518768308e-8
2.493133246898651e-8
2.2709403932094574e-8
2.0909883081912992e-8
1.985225677490234e-8
2.038555145263672e-8
2.239721119403839e-8
2.504255473613739e-8
2.6262992620468137e-8
2.694742679595947e-8
2.971227467060089e-8
3.404176533222198e-8
3.6083579063415526e-8
3.789701759815216e-8
4.196802079677582e-8
4.655356705188751e-8
4.9892073869705195e-8
5.3634113073349e-8
5.6897830963134764e-8
5.723001956939697e-8
5.746984481811523e-8
6.05547308921814e-8
6.560618877410888e-8
7.525190114974975e-8
8.044568300247193e-8
7.615191936492919e-8
7.215862870216369e-8
6.561855673789977e-8
5.6076580286026e-8
4.6353891491889954e-8
3.667729496955872e-8
2.822485864162445e-8
2.0920757949352262e-8
1.4798192679882049e-8
1.0407724231481552e-8
7.159677892923355e-9
4.716560244560242e-9
2.9946379363536835e-9
1.8346646800637245e-9
1.0931743308901786e-9
6.398672237992287e-10
3.729174146428704e-10
2.1928879432380198e-10
1.3603111729025841e-10
8.76088859513402e-11
5.530698108486831e-11
3.544356732163578e-11
2.545323222875595e-11
1.8890517822001127e-11
1.541515695862472e-10
4.6036900021135806e-10
7.374069653451443e-10
1.0186688043177128e-9
1.3697575777769089e-9
1.8943265080451964e-9
2.7019113302230833e-9
4.0114283561706544e-9
6.251180917024612e-9
9.70163196325302e-9
1.4004093408584594e-8
1.8570947647094725e-8
2.363784909248352e-8
2.748267948627472e-8
3.195992112159729e-8
4.0557539463043213e-8
5.3279513120651246e-8
5.8706396818161006e-8
5.051902532577515e-8
3.9044564962387085e-8
3.051041066646576e-8
2.6707762479782103e-8
2.554965317249298e-8
2.497754395008087e-8
2.4345032870769498e-8
2.3608000576496122e-8
2.260514944791794e-8
2.209502011537552e-8
2.2768929600715635e-8
2.438847571611404e-8
2.7304831147193906e-8
3.197352886199951e-8
3.7575080990791316e-8
4.277616739273071e-8
4.820640981197357e-8
5.462929010391235e-8
6.162684559822082e-8
6.688692569732665e-8
6.885096430778503e-8
6.642369031906127e-8
5.4742658138275144e-8
3.9334884285926815e-8
3.480817079544067e-8
3.577179312705993e-8
3.704565465450287e-8
3.8115707039833066e-8
3.794600367546081e-8
3.6473751068115236e-8
3.31860601902008e-8
3.0495816469192505e-8
2.9297748208045957e-8
2.7065393328666684e-8
2.584676742553711e-8
2.4379320442676543e-8
2.2334448993206022e-8
2.081582248210907e-8
1.9867406785488128e-8
2.022000104188919e-8
2.1675983071327208e-8
2.3806987702846527e-8
2.5291639566421506e-8
2.5721490383148193e-8
2.793045938014984e-8
3.273717761039734e-8
3.539913296699524e-8
3.730332255363464e-8
4.155291616916656e-8
4.58102285861969e-8
4.9212798476219175e-8
5.316811203956604e-8
5.636220574378967e-8
5.5964225530624385e-8
5.542974472045898e-8
5.919449925422668e-8
6.536145806312561e-8
7.502301931381225e-8
8.092410564422608e-8
7.757457494735718e-8
7.33843207359314e-8
6.655229330062866e-8
5.745031833648681e-8
4.789987504482269e-8
3.793028593063354e-8
2.9565224051475525e-8
2.2353188693523405e-8
1.5974967181682587e-8
1.1265527456998825e-8
7.752837985754012e-9
5.185065418481826e-9
3.330140560865402e-9
2.0655129104852678e-9
1.250916626304388e-9
7.30526028200984e-10
4.260884132236242e-10
2.498066052794456e-10
1.5499611617997288e-10
1.0126271517947316e-10
6.541175534948706e-11
4.156240029260516e-11
2.9105867724865675e-11
2.1303960238583386e-11
1.6199626261368394e-10
4.838347900658845e-10
7.71567178890109e-10
1.0612408630549906e-9
1.417128648608923e-9
1.9312527030706404e-9
2.702618949115276e-9
3.96449938416481e-9
6.172499433159828e-9
9.594792127609253e-9
1.3924579322338104e-8
1.8705393373966215e-8
2.4090367555618287e-8
2.7905935049057006e-8
3.184490501880646e-8
3.944071829319e-8
5.0716763734817504e-8
5.7461827993392945e-8
5.2192354202270504e-8
4.139169752597809e-8
3.173280656337738e-8
2.692565321922302e-8
2.5346592068672178e-8
2.4599532783031464e-8
2.3864367604255675e-8
2.3026099801063535e-8
2.1869730949401855e-8
2.1270468831062315e-8
2.194409519433975e-8
2.3391678929328917e-8
2.5792255997657774e-8
2.9732295870780945e-8
3.4597074985504146e-8
3.9284148812294006e-8
4.447014331817627e-8
5.1034593582153316e-8
5.8435755968093867e-8
6.468825340270996e-8
6.664889454841613e-8
6.930292844772339e-8
6.450755596160888e-8
4.790085852146148e-8
3.8564333319664e-8
3.707338869571686e-8
3.7965935468673706e-8
3.9373064041137695e-8
3.906057178974151e-8
3.6938875913619995e-8
3.302008211612701e-8
3.0114850401878356e-8
2.89430558681488e-8
2.6702311635017394e-8
2.5393968820571898e-8
2.3918919265270233e-8
2.2011440992355345e-8
2.0671811699867247e-8
1.97787806391716e-8
1.9945015013217925e-8
2.102028876543045e-8
2.2831894457340238e-8
2.422557473182678e-8
2.4544036388397217e-8
2.653074264526367e-8
3.141345679759979e-8
3.449401557445526e-8
3.665797114372253e-8
4.1014060378074643e-8
4.516259133815765e-8
4.85695332288742e-8
5.2593731880187985e-8
5.568405389785766e-8
5.4832488298416134e-8
5.385401248931885e-8
5.789567828178405e-8
6.47692620754242e-8
7.473540902137756e-8
8.134927749633789e-8
7.867798209190368e-8
7.455080151557922e-8
6.765434741973877e-8
5.8761382102966306e-8
4.933151006698608e-8
3.9275494217872615e-8
3.0899360775947567e-8
2.3698621988296507e-8
1.7154443264007568e-8
1.217501014471054e-8
8.416251093149184e-9
5.667006224393844e-9
3.6880388855934143e-9
2.315681427717209e-9
1.4179848134517668e-9
8.352584205567836e-10
4.864396993070841e-10
2.850818913429975e-10
1.769891707226634e-10
1.1659148149192333e-10
7.628766470588743e-11
4.8662783228792245e-11
3.3573206746950746e-11
2.415430062683299e-11
1.7025195993483065e-10
5.071659106761217e-10
8.05926974862814e-10
1.1024621315300464e-9
1.457308232784271e-9
1.9567977637052535e-9
2.699297107756138e-9
3.9270903915166855e-9
6.101719662547111e-9
9.50993299484253e-9
1.3896994292736052e-8
1.8850305676460266e-8
2.442306876182556e-8
2.8151530027389524e-8
3.1611108779907226e-8
3.843046724796295e-8
4.892899990081787e-8
5.6621253490448e-8
5.330013632774353e-8
4.3138521909713746e-8
3.284077644348144e-8
2.726372182369232e-8
2.5222548842430112e-8
2.425192892551422e-8
2.3391349613666532e-8
2.244168221950531e-8
2.1185724437236786e-8
2.0517100393772124e-8
2.1113444864749906e-8
2.2380797564983366e-8
2.439552843570709e-8
2.774841785430908e-8
3.1971770524978636e-8
3.6170938611030576e-8
4.1052258014678954e-8
4.756458401679992e-8
5.5143904685974115e-8
6.219656467437743e-8
6.499589681625366e-8
7.128857970237731e-8
7.205290794372558e-8
5.5595940351486206e-8
4.332299828529358e-8
3.929741084575653e-8
3.926087617874145e-8
4.056495726108551e-8
4.002127349376678e-8
3.736649751663208e-8
3.295071721076965e-8
2.981905937194824e-8
2.8584778308868407e-8
2.6320302486419675e-8
2.4970856308937072e-8
2.351490557193756e-8
2.1715058386325836e-8
2.0490586757659912e-8
1.960928738117218e-8
1.961807310581207e-8
2.042075544595718e-8
2.196836769580841e-8
2.3201748728752136e-8
2.3437455296516416e-8
2.5312554836273193e-8
3.015567362308502e-8
3.3489373326301575e-8
3.5919019579887386e-8
4.0394496917724607e-8
4.453389942646026e-8
4.793800413608551e-8
5.1960587501525874e-8
5.4936420917510983e-8
5.3798276185989375e-8
5.255930423736572e-8
5.668935775756836e-8
6.401637196540832e-8
7.436434626579284e-8
8.166128993034362e-8
7.955940961837768e-8
7.564671039581299e-8
6.881141662597656e-8
6.005149483680725e-8
5.0711911916732786e-8
4.062861204147339e-8
3.223686516284942e-8
2.5009229779243467e-8
1.831924319267273e-8
1.3121920824050903e-8
9.126245975494385e-9
6.186491623520851e-9
4.064341261982918e-9
2.583547122776508e-9
1.5997201204299925e-9
9.501839987933635e-10
5.558192729949951e-10
3.2545384019613263e-10
2.0230892114341258e-10
1.3394324341788888e-10
8.843177347443997e-11
5.6671071797609327e-11
3.8854041486047205e-11
2.756983449216932e-11
1.787060871720314e-10
5.306777078658342e-10
8.397331461310386e-10
1.1404300108551978e-9
1.490639243274927e-9
1.975280977785587e-9
2.694210037589073e-9
3.893939405679702e-9
6.042717397212982e-9
9.448858350515364e-9
1.3897567987442016e-8
1.8982581794261932e-8
2.466134577989578e-8
2.8265830874443054e-8
3.131895661354065e-8
3.757055103778839e-8
4.7648507356643676e-8
5.603219866752624e-8
5.4085004329681395e-8
4.447736144065857e-8
3.379741311073303e-8
2.7635070681571958e-8
2.5162234902381897e-8
2.3939472436904906e-8
2.2931514680385588e-8
2.187393605709076e-8
2.0540466904640198e-8
1.980573534965515e-8
2.0300376415252685e-8
2.139045298099518e-8
2.309393137693405e-8
2.5971272587776182e-8
2.9646804928779602e-8
3.3393868803977963e-8
3.7939941883087155e-8
4.4267764687538146e-8
5.188688039779663e-8
5.9521007537841794e-8
6.347066760063171e-8
7.267000079154968e-8
7.819331288337708e-8
6.240637302398681e-8
4.837979972362518e-8
4.221585690975189e-8
4.0963190793991084e-8
4.181435704231262e-8
4.091044664382934e-8
3.77768337726593e-8
3.2936897873878475e-8
2.9576122760772702e-8
2.823991775512695e-8
2.594180405139923e-8
2.4573196470737456e-8
2.314772754907608e-8
2.143101543188095e-8
2.027805894613266e-8
1.938565969467163e-8
1.9264782965183258e-8
1.985644996166229e-8
2.117774486541748e-8
2.2245389223098754e-8
2.240955680608749e-8
2.420593649148941e-8
2.8968891501426694e-8
3.245097100734711e-8
3.510433137416839e-8
3.970594108104705e-8
4.388821721076965e-8
4.7300383448600765e-8
5.129297375679016e-8
5.4158538579940795e-8
5.2837508916854854e-8
5.1442438364028925e-8
5.5577534437179565e-8
6.319860219955445e-8
7.391722202301026e-8
8.184728026390075e-8
8.026736378669738e-8
7.666260004043579e-8
6.996764540672302e-8
6.132664680480956e-8
5.2063971757888794e-8
4.197137653827667e-8
3.3568936586380005e-8
2.630353569984436e-8
1.9476504623889923e-8
1.4089316129684448e-8
9.87626165151596e-9
6.741418689489364e-9
4.46629524230957e-9
2.8686391189694404e-9
1.7961002886295318e-9
1.0766193270683289e-9
6.334463134407996e-10
3.718191524967551e-10
2.312824362888932e-10
1.5370813198387622e-10
1.0211576009169221e-10
6.575026782229542e-11
4.4965252163819967e-11
3.1639495864510536e-11
1.9036122830584645e-10
5.585637874901294e-10
8.641384541988372e-10
1.1565221473574637e-9
1.5095282346010208e-9
1.97873804718256e-9
2.691712789237499e-9
3.957562521100044e-9
6.156987324357032e-9
9.509351104497909e-9
1.3967877626419067e-8
1.909191608428955e-8
2.4295122921466827e-8
2.8233930468559265e-8
3.168263137340545e-8
3.753730058670044e-8
4.5866948366165156e-8
5.4667592048645015e-8
5.5214583873748775e-8
4.531586766242981e-8
3.479975461959839e-8
2.8398478031158445e-8
2.5225061178207396e-8
2.3413769900798797e-8
2.2212654352188108e-8
2.096128910779953e-8
1.9592323899269103e-8
1.905437409877777e-8
1.9516520202159882e-8
2.046232223510742e-8
2.206771373748779e-8
2.4547944962978362e-8
2.7677786350250244e-8
3.112691342830658e-8
3.562045693397522e-8
4.185475409030914e-8
4.916464686393737e-8
5.669172406196594e-8
6.210868954658508e-8
7.230820655822754e-8
8.094374537467956e-8
6.909435987472534e-8
5.446996092796326e-8
4.612949192523956e-8
4.3279796838760376e-8
4.3044340610504146e-8
4.1157448291778564e-8
3.795855939388275e-8
3.364736437797546e-8
2.991192936897278e-8
2.7964183688163756e-8
2.553524076938629e-8
2.4276344478130338e-8
2.3060524463653564e-8
2.0935335755348205e-8
1.9581058621406555e-8
1.8893393874168394e-8
1.866803765296936e-8
1.9278731942176817e-8
2.0560236275196074e-8
2.1320007741451264e-8
2.1690110862255095e-8
2.3315556347370146e-8
2.7182990312576293e-8
3.0875819921493526e-8
3.3983168005943294e-8
3.828732371330261e-8
4.3048512935638424e-8
4.7243764996528625e-8
5.057907700538635e-8
5.260957479476928e-8
5.229661464691162e-8
5.131927132606506e-8
5.496082305908203e-8
6.25796377658844e-8
7.368583083152771e-8
8.236508965492248e-8
8.087162971496582e-8
7.771477699279785e-8
7.125535011291503e-8
6.244832873344422e-8
5.314831733703613e-8
4.31398868560791e-8
3.472929000854492e-8
2.7414530515670776e-8
2.064693719148636e-8
1.517316997051239e-8
1.0773297399282454e-8
7.404189556837082e-9
4.928680881857872e-9
3.1943358480930326e-9
2.0299451425671578e-9
1.229829154908657e-9
7.353434804826975e-10
4.3200221844017505e-10
2.6790050324052573e-10
1.794620184227824e-10
1.2078506406396626e-10
7.879047188907862e-11
5.355480243451893e-11
3.6859675310552116e-11
2.035408979281783e-10
5.834693554788827e-10
8.803889155387878e-10
1.1643584817647933e-9
1.5158718451857565e-9
1.978497952222824e-9
2.7132069692015647e-9
4.069352149963379e-9
6.3325457274913786e-9
9.648574888706206e-9
1.4073410630226134e-8
1.906503140926361e-8
2.38605260848999e-8
2.815851271152496e-8
3.2196444272994995e-8
3.761597275733948e-8
4.424777328968048e-8
5.320174694061279e-8
5.6065863370895385e-8
4.605683386325836e-8
3.574890792369843e-8
2.9211682081222534e-8
2.531348168849945e-8
2.28559210896492e-8
2.136320024728775e-8
1.9931116700172425e-8
1.8571421504020692e-8
1.8236124515533446e-8
1.874213069677353e-8
1.9613590836524962e-8
2.1162274479866028e-8
2.3349514603614807e-8
2.6029974222183228e-8
2.922026515007019e-8
3.369792401790619e-8
3.986531496047974e-8
4.6838921308517455e-8
5.403225421905517e-8
6.061828136444091e-8
7.117017507553101e-8
8.200774788856506e-8
7.476745247840881e-8
6.076983213424683e-8
5.0715577602386476e-8
4.60729718208313e-8
4.4343233108520505e-8
4.1337767243385313e-8
3.82036954164505e-8
3.4527379274368286e-8
3.0438068509101867e-8
2.7823743224143982e-8
2.5198781490325925e-8
2.4065634608268737e-8
2.2926464676856992e-8
2.03546941280365e-8
1.8765887618064878e-8
1.8204089999198913e-8
1.7995448410511014e-8
1.8680956959724427e-8
1.9967688620090484e-8
2.0539860427379608e-8
2.103898376226425e-8
2.2439946234226226e-8
2.5436553359031675e-8
2.9058614373207092e-8
3.25395256280899e-8
3.664810955524445e-8
4.1984543204307555e-8
4.710497260093689e-8
4.987960755825042e-8
5.1076453924179076e-8
5.1777243614196774e-8
5.145244002342224e-8
5.4681521654129024e-8
6.223094463348389e-8
7.359821200370788e-8
8.29816222190857e-8
8.145698308944701e-8
7.877503633499145e-8
7.253554463386535e-8
6.351248025894165e-8
5.411916375160217e-8
4.417341649532318e-8
3.577044904232025e-8
2.8445076942443846e-8
2.1772634983062744e-8
1.6303449869155884e-8
1.1757910251617431e-8
8.155915886163712e-9
5.455272644758224e-9
3.561555966734886e-9
2.294033020734787e-9
1.4094937592744826e-9
8.564352989196777e-10
5.069570150226354e-10
3.1373528763651845e-10
2.1127574145793914e-10
1.443616463802755e-10
9.561064071021973e-11
6.482107564806938e-11
4.364127235021442e-11
2.1505204495042563e-10
6.022068206220865e-10
8.947519585490226e-10
1.1734306812286377e-9
1.5200750902295112e-9
1.987682282924652e-9
2.7545345947146416e-9
4.165973514318466e-9
6.472245603799819e-9
9.786320477724074e-9
1.4150437712669371e-8
1.898008733987808e-8
2.365916520357132e-8
2.813136875629425e-8
3.237461745738983e-8
3.740109801292419e-8
4.3215844035148616e-8
5.2270048856735226e-8
5.6414937973022457e-8
4.680171012878418e-8
3.655110895633697e-8
2.9791626334190367e-8
2.536371350288391e-8
2.23995104432106e-8
2.0587728917598724e-8
1.901770234107971e-8
1.767275333404541e-8
1.7413207888603208e-8
1.7965151369571686e-8
1.8809616565704345e-8
2.0256061851978302e-8
2.223193645477295e-8
2.4594749510288238e-8
2.751362919807434e-8
3.1835436820983885e-8
3.78658264875412e-8
4.4635885953903197e-8
5.1639401912689206e-8
5.891398191452026e-8
7.0158851146698e-8
8.31198513507843e-8
7.922318577766418e-8
6.632555723190308e-8
5.5356609821319576e-8
4.9107736349105834e-8
4.5883694291114806e-8
4.192250669002533e-8
3.867165744304657e-8
3.514101505279541e-8
3.0803841352462765e-8
2.778251767158508e-8
2.4974064528942108e-8
2.3844501376152038e-8
2.2608478367328642e-8
1.9828774034976957e-8
1.8098723888397215e-8
1.752544492483139e-8
1.7369718849658967e-8
1.8081511557102204e-8
1.9338870048522948e-8
1.9866991043090818e-8
2.0320260524749755e-8
2.1524305641651154e-8
2.4069532752037047e-8
2.7422797679901123e-8
3.0991640686988826e-8
3.517714142799377e-8
4.082231223583221e-8
4.647094011306762e-8
4.917416274547577e-8
5.0007826089859e-8
5.110374093055725e-8
5.123406648635864e-8
5.4444539546966553e-8
6.200860142707824e-8
7.352683544158936e-8
8.34496259689331e-8
8.203101754188537e-8
7.977718710899353e-8
7.370325922966003e-8
6.460004448890686e-8
5.513918399810791e-8
4.518463313579559e-8
3.679701685905456e-8
2.9494103789329528e-8
2.2853060066699982e-8
1.739411950111389e-8
1.2743206322193145e-8
8.944522589445114e-9
6.029251217842102e-9
3.963661938905716e-9
2.578326128423214e-9
1.605844497680664e-9
9.889209643006324e-10
5.920720752328634e-10
3.6814259365200994e-10
2.485607285052538e-10
1.7153713852167127e-10
1.1501859407871961e-10
7.821769104339182e-11
5.214869743213057e-11
2.2454643622040747e-10
6.177346222102641e-10
9.075145237147807e-10
1.1815682984888553e-9
1.5273508615791796e-9
2.005844749510288e-9
2.800687775015831e-9
4.253491014242172e-9
6.593619287014008e-9
9.904185682535172e-9
1.4202359318733215e-8
1.8920983374118805e-8
2.3547813296318052e-8
2.8098249435424802e-8
3.23673814535141e-8
3.709980249404907e-8
4.250617623329162e-8
5.164538025856018e-8
5.659489035606384e-8
4.741974771022797e-8
3.7221017479896543e-8
3.022837340831757e-8
2.5375133752822876e-8
2.1994903683662412e-8
1.9898431003093717e-8
1.820249855518341e-8
1.6855593025684357e-8
1.6626282036304474e-8
1.719750761985779e-8
1.8025141954421997e-8
1.9380441308021543e-8
2.118270993232727e-8
2.3304609954357147e-8
2.5976517796516418e-8
3.008190095424652e-8
3.5917040705680846e-8
4.251902401447296e-8
4.942269921302795e-8
5.715278387069702e-8
6.917695999145508e-8
8.411654829978943e-8
8.291388154029846e-8
7.124765515327454e-8
5.984920859336853e-8
5.229159593582153e-8
4.7691494226455686e-8
4.280698001384735e-8
3.92609566450119e-8
3.565075099468231e-8
3.108516335487366e-8
2.7779200673103332e-8
2.4804572761058807e-8
2.3589494824409484e-8
2.223588228225708e-8
1.9327785074710844e-8
1.7503881454467773e-8
1.6900096833705903e-8
1.6768141090869903e-8
1.7488467693328857e-8
1.8717847764492035e-8
1.9215349853038787e-8
1.9602613151073454e-8
2.0637539029121398e-8
2.2883133590221405e-8
2.597362399101257e-8
2.9487374424934385e-8
3.3752134442329406e-8
3.959740400314331e-8
4.5576792955398556e-8
4.838955104351043e-8
4.9128416180610653e-8
5.040341019630432e-8
5.084066987037658e-8
5.416593551635742e-8
6.18182897567749e-8
7.347522974014281e-8
8.383026719093322e-8
8.257631659507751e-8
8.071703314781189e-8
7.479392886161804e-8
6.568379402160645e-8
5.618032813072204e-8
4.619416296482086e-8
3.7814727425575254e-8
3.0536282062530513e-8
2.391245663166046e-8
1.845420002937317e-8
1.3723015785217285e-8
9.758000075817107e-9
6.642568856477737e-9
4.401399195194244e-9
2.8879394754767415e-9
1.818757504224777e-9
1.1345690116286277e-9
6.871855817735195e-10
4.309261217713356e-10
2.9245319310575725e-10
2.03149882145226e-10
1.3754725223407148e-10
9.405483724549412e-11
6.257257191464305e-11
2.326283836737275e-10
6.308439187705517e-10
9.186725132167339e-10
1.1930850334465502e-9
1.5426429919898508e-9
2.0323393866419792e-9
2.8530936688184735e-9
4.341022297739982e-9
6.704279035329818e-9
1.0009007155895232e-8
1.4240843057632446e-8
1.8899060785770414e-8
2.3451021313667295e-8
2.79946893453598e-8
3.236359357833862e-8
3.679571449756622e-8
4.2076286673545834e-8
5.137179493904113e-8
5.644707083702087e-8
4.7765815258026124e-8
3.776425123214722e-8
3.0568692088127136e-8
2.5350818037986756e-8
2.1646501123905182e-8
1.9283172488212585e-8
1.7459793388843536e-8
1.616580933332443e-8
1.5952475368976593e-8
1.648969203233719e-8
1.7301328480243682e-8
1.8562056124210356e-8
2.022068351507187e-8
2.2169455885887144e-8
2.4653460085391996e-8
2.8529629111289977e-8
3.4040072560310364e-8
4.0386098623275754e-8
4.720320701599121e-8
5.52323579788208e-8
6.796669363975525e-8
8.47886860370636e-8
8.589634895324706e-8
7.551283240318298e-8
6.403244733810425e-8
5.546712875366211e-8
4.973613321781158e-8
4.407208859920502e-8
4.012291133403778e-8
3.6291676759719846e-8
3.1468999385833736e-8
2.791835069656372e-8
2.4751095473766324e-8
2.3344358801841733e-8
2.1859677135944366e-8
1.8942213058471677e-8
1.70315220952034e-8
1.6260510683059692e-8
1.6131064295768736e-8
1.684693247079849e-8
1.801055520772934e-8
1.8535171449184416e-8
1.886814385652542e-8
1.981244087219238e-8
2.1887309849262237e-8
2.4696286022663114e-8
2.8023928403854368e-8
3.228080570697784e-8
3.8266465067863465e-8
4.450825750827789e-8
4.7622320055961605e-8
4.8370730876922606e-8
4.961002171039581e-8
5.043829083442688e-8
5.4046338796615596e-8
6.170473098754883e-8
7.34261691570282e-8
8.418370485305786e-8
8.312551975250244e-8
8.151683211326599e-8
7.566208243370056e-8
6.660199165344239e-8
5.712543725967407e-8
4.7163456678390504e-8
3.882320523262024e-8
3.161026239395142e-8
2.4999159574508665e-8
1.951862573623657e-8
1.4704950153827667e-8
1.0595722496509551e-8
7.301405817270279e-9
4.885988309979439e-9
3.2344449311494825e-9
2.0558973774313927e-9
1.2963742949068547e-9
7.939931005239486e-10
5.031131207942962e-10
3.4352515358477827e-10
2.4072611704468725e-10
1.647613476961851e-10
1.1288018431514501e-10
7.511221920140087e-11
2.4100851733237504e-10
6.415145937353372e-10
9.304974228143692e-10
1.226068567484617e-9
1.5891801565885543e-9
2.0840721204876897e-9
2.939310483634472e-9
4.469539597630501e-9
6.833934038877487e-9
1.0141055285930633e-8
1.4250653982162476e-8
1.8966363370418548e-8
2.3199325799942014e-8
2.7581429481506346e-8
3.2961785793304445e-8
3.659898638725281e-8
4.235951006412506e-8
5.218732953071594e-8
5.4570794105529783e-8
4.696112275123596e-8
3.8163056969642634e-8
3.087023496627807e-8
2.530117332935333e-8
2.1463309228420256e-8
1.873573064804077e-8
1.673714220523834e-8
1.5908440947532653e-8
1.577933430671692e-8
1.606874316930771e-8
1.687503010034561e-8
1.7941325902938842e-8
1.9473487138748167e-8
2.1416841447353362e-8
2.3925618827342987e-8
2.7585762739181516e-8
3.21876734495163e-8
3.7725198268890376e-8
4.424322843551636e-8
5.2244508266448975e-8
6.521533727645874e-8
8.415783643722534e-8
8.729298114776611e-8
7.83114194869995e-8
6.726727485656738e-8
5.814918279647827e-8
5.2077239751815794e-8
4.6613335609436036e-8
4.234992563724518e-8
3.813704550266266e-8
3.289034962654113e-8
2.8975197672843933e-8
2.5384753942489622e-8
2.327451854944229e-8
2.1611663699150084e-8
1.9204358756542203e-8
1.7020486295223234e-8
1.5273934602737426e-8
1.5097340941429136e-8
1.5801677107810973e-8
1.6716836392879485e-8
1.7576411366462707e-8
1.7949530482292174e-8
1.9126583635807037e-8
2.1448685228824615e-8
2.367890030145645e-8
2.6353704929351805e-8
3.0329781770706174e-8
3.648618161678314e-8
4.318147599697113e-8
4.745615720748901e-8
4.802006185054779e-8
4.8278620839118956e-8
5.04912257194519e-8
5.532313585281372e-8
6.215686798095703e-8
7.34087347984314e-8
8.472591638565063e-8
8.388311266899109e-8
8.169699311256408e-8
7.537019848823546e-8
6.645397543907165e-8
5.734818577766418e-8
4.781951010227203e-8
3.978601098060608e-8
3.2951512932777404e-8
2.6383748650550843e-8
2.074725031852722e-8
1.5752185881137846e-8
1.1502379179000853e-8
8.084750920534134e-9
5.500490590929985e-9
3.6850228905677793e-9
2.356024645268917e-9
1.4940779656171797e-9
9.208743460476398e-10
5.915125831961632e-10
4.0331655181944367e-10
2.8907281812280414e-10
2.042175969108939e-10
1.3650596374645828e-10
8.988564368337393e-11
2.4744796101003883e-10
6.524865981191396e-10
9.505707770586013e-10
1.2579494155943394e-9
1.6326669603586196e-9
2.1439112722873686e-9
3.024245239794254e-9
4.580483958125115e-9
6.960637867450714e-9
1.0235617309808731e-8
1.4310629665851593e-8
1.893310397863388e-8
2.301608771085739e-8
2.7473092079162598e-8
3.311479985713959e-8
3.666549623012543e-8
4.258644580841064e-8
5.231202244758606e-8
5.3495085239410396e-8
4.633919596672058e-8
3.82314532995224e-8
3.104138970375061e-8
2.5284692645072935e-8
2.121562659740448e-8
1.8273904919624327e-8
1.623522192239761e-8
1.553705781698227e-8
1.551278233528137e-8
1.5738546848297118e-8
1.6425313055515287e-8
1.7386361956596375e-8
1.8799783289432524e-8
2.068824470043182e-8
2.3147323727607726e-8
2.6570746302604673e-8
3.059596121311188e-8
3.545707464218139e-8
4.155478775501251e-8
4.946587383747101e-8
6.264662742614745e-8
8.31404685974121e-8
8.809913396835327e-8
8.059224486351013e-8
7.016224265098571e-8
6.090493202209473e-8
5.4644542932510374e-8
4.912533760070801e-8
4.46549117565155e-8
4.007126688957214e-8
3.4363353252410886e-8
3.0014026165008545e-8
2.588328421115875e-8
2.333259582519531e-8
2.1601949632167814e-8
1.9217523932456968e-8
1.6694903373718262e-8
1.4569273591041564e-8
1.4170214533805847e-8
1.4778114855289459e-8
1.565404534339905e-8
1.6573105752468107e-8
1.7106510698795317e-8
1.8412694334983825e-8
2.0788070559501647e-8
2.2779028117656705e-8
2.4988555908203122e-8
2.8639367222785948e-8
3.4764975309371944e-8
4.179084002971649e-8
4.676462709903717e-8
4.751508235931396e-8
4.749580323696136e-8
5.0335586071014404e-8
5.596570968627929e-8
6.264365911483764e-8
7.369974851608277e-8
8.525369167327881e-8
8.444437384605407e-8
8.189948201179504e-8
7.526261806488036e-8
6.639778017997741e-8
5.7556492090225216e-8
4.838241040706634e-8
4.0680813789367674e-8
3.4144195914268494e-8
2.7693238854408263e-8
2.1990935504436493e-8
1.6840291023254394e-8
1.2436339259147644e-8
8.876797556877136e-9
6.144721433520317e-9
4.172943159937858e-9
2.69294548779726e-9
1.7176557332277297e-9
1.065828651189804e-9
6.896249018609523e-10
4.756190348416566e-10
3.4488686360418796e-10
2.4760859087109564e-10
1.6683470457792282e-10
1.0805358178913592e-10
2.5291880592703816e-10
6.661484483629464e-10
9.726397693157195e-10
1.2904532253742217e-9
1.6779690980911255e-9
2.20502819865942e-9
3.105451539158821e-9
4.684063047170639e-9
7.069870084524154e-9
1.0328393429517746e-8
1.4354115724563598e-8
1.889057606458664e-8
2.290758341550827e-8
2.7417990565299986e-8
3.317775130271912e-8
3.676543831825256e-8
4.270564615726471e-8
5.2196258306503295e-8
5.279732942581176e-8
4.58563357591629e-8
3.815855085849762e-8
3.109888434410095e-8
2.5231644511222837e-8
2.0974092185497283e-8
1.7886309325695035e-8
1.581405848264694e-8
1.5166205167770384e-8
1.519804298877716e-8
1.5408377349376678e-8
1.600763201713562e-8
1.686572730541229e-8
1.818140000104904e-8
1.998825967311859e-8
2.2354011237621306e-8
2.555469572544098e-8
2.9158517718315122e-8
3.348348438739776e-8
3.914939761161804e-8
4.690673351287842e-8
6.023438572883605e-8
8.184001445770264e-8
8.843275904655457e-8
8.240487575531005e-8
7.274076342582702e-8
6.362167596817016e-8
5.731949806213379e-8
5.1694166660308835e-8
4.702361822128296e-8
4.207969009876251e-8
3.587282598018646e-8
3.102087676525116e-8
2.6373028755187987e-8
2.3484812676906586e-8
2.161642163991928e-8
1.9083955883979796e-8
1.6306418180465698e-8
1.3930958509445189e-8
1.3351732492446898e-8
1.3848951458930969e-8
1.4686417579650878e-8
1.5634962916374206e-8
1.627848297357559e-8
1.7678131163120268e-8
2.005298137664795e-8
2.19039112329483e-8
2.3818032443523407e-8
2.717127501964569e-8
3.315340280532837e-8
4.034780859947205e-8
4.5786303281784056e-8
4.685460329055786e-8
4.6894669532775877e-8
5.0106501579284664e-8
5.62770664691925e-8
6.305705308914184e-8
7.409777641296386e-8
8.577992320060729e-8
8.492000102996826e-8
8.212600350379944e-8
7.526991963386535e-8
6.641689538955688e-8
5.776888132095337e-8
4.888563156127929e-8
4.1493380069732664e-8
3.5234072804450986e-8
2.8923070430755614e-8
2.321873754262924e-8
1.7952626943588256e-8
1.3397477567195892e-8
9.690334647893905e-9
6.811778992414474e-9
4.69505488872528e-9
3.0638206750154493e-9
1.969732530415058e-9
1.2298128567636013e-9
8.01721028983593e-10
5.582247395068407e-10
4.1016070172190665e-10
2.9826555401086807e-10
2.0238629076629875e-10
1.3083078665658831e-10
2.5837684515863654e-10
6.810775026679039e-10
9.962361305952071e-10
1.3244013302028179e-9
1.7244910821318626e-9
2.265731617808342e-9
3.1834110617637633e-9
4.778669402003288e-9
7.169801741838455e-9
1.0410518944263457e-8
1.4388789236545562e-8
1.8859322369098664e-8
2.2840039432048796e-8
2.7383360266685485e-8
3.32158625125885e-8
3.6840739846229555e-8
4.273954033851623e-8
5.2000552415847775e-8
5.2291220426559445e-8
4.546686708927154e-8
3.802209496498108e-8
3.107069730758667e-8
2.513933777809143e-8
2.0745977759361267e-8
1.7550231516361236e-8
1.5444107353687286e-8
1.4809633791446685e-8
1.4866691827774048e-8
1.5070100128650664e-8
1.560910940170288e-8
1.6380031406879425e-8
1.760291904211044e-8
1.931837648153305e-8
2.156986892223358e-8
2.4563413858413694e-8
2.783478796482086e-8
3.173238635063171e-8
3.700160384178161e-8
4.456495940685272e-8
5.7968753576278685e-8
8.033833503723144e-8
8.83897602558136e-8
8.380146026611328e-8
7.50154197216034e-8
6.62353754043579e-8
6.003122925758362e-8
5.432517528533935e-8
4.9459260702133175e-8
4.41498726606369e-8
3.740902245044708e-8
3.2024580240249635e-8
2.6884418725967407e-8
2.3676222562789917e-8
2.1607010066509245e-8
1.888086199760437e-8
1.5888087451457977e-8
1.3337728381156921e-8
1.2615932524204253e-8
1.3009588420391082e-8
1.3800086081027984e-8
1.4757229387760162e-8
1.5475176274776457e-8
1.6931100189685822e-8
1.9288335740566254e-8
2.1046340465545654e-8
2.2766649723052978e-8
2.5875467061996457e-8
3.166366219520569e-8
3.889440894126892e-8
4.4642013311386104e-8
4.605952501296997e-8
4.631538689136505e-8
4.982477128505707e-8
5.639760494232178e-8
6.337647438049317e-8
7.450774908065796e-8
8.62944483757019e-8
8.53568136692047e-8
8.237801790237426e-8
7.535529136657714e-8
6.64965808391571e-8
5.7992845773696896e-8
4.934846758842468e-8
4.223348498344421e-8
3.6236760020256044e-8
3.008034825325012e-8
2.4414415657520293e-8
1.90718874335289e-8
1.438174396753311e-8
1.0527622699737548e-8
7.503824681043625e-9
5.2467204630374906e-9
3.467058017849922e-9
2.250133641064167e-9
1.4152056537568568e-9
9.290658868849277e-10
6.530062295496463e-10
4.85550332814455e-10
3.57516435906291e-10
2.4452777579426766e-10
1.5854740049690007e-10
2.6827221736311913e-10
7.062532939016819e-10
1.0331821627914906e-9
1.3600257225334644e-9
1.7680328339338302e-9
2.330658957362175e-9
3.237349912524223e-9
4.790368676185608e-9
7.153335213661194e-9
1.038137674331665e-8
1.4406219124794006e-8
1.9103598594665527e-8
2.303285300731659e-8
2.707632780075073e-8
3.2780417799949645e-8
3.6921069025993346e-8
4.284868538379669e-8
5.079410076141357e-8
5.0758558511734005e-8
4.5145040750503535e-8
3.8234493136405946e-8
3.1374844908714295e-8
2.5460687279701233e-8
2.0911967754364014e-8
1.758701652288437e-8
1.557229459285736e-8
1.4724710583686829e-8
1.4562995731830596e-8
1.4816953241825103e-8
1.530364602804184e-8
1.6015547513961792e-8
1.715177446603775e-8
1.875002235174179e-8
2.0740634202957154e-8
2.3468187451362608e-8
2.670125961303711e-8
3.0233624577522274e-8
3.4921336174011226e-8
4.237625002861023e-8
5.58320939540863e-8
7.819543480873108e-8
8.750413656234741e-8
8.452062606811523e-8
7.628767490386962e-8
6.810879111289978e-8
6.279171705245972e-8
5.712319612503052e-8
5.224583745002746e-8
4.684359431266784e-8
3.8998830318450926e-8
3.1829258799552915e-8
2.754678428173065e-8
2.5398114323616028e-8
2.206356972455978e-8
1.875450015068054e-8
1.5306061506271362e-8
1.2882687151432037e-8
1.2222102284431456e-8
1.2332090735435486e-8
1.3015583157539367e-8
1.3858634233474732e-8
1.4575855433940886e-8
1.5940138697624207e-8
1.8257296085357665e-8
2.0170098543167113e-8
2.1970334649085998e-8
2.5089991092681884e-8
3.060363233089447e-8
3.7546586990356447e-8
4.360915124416351e-8
4.5126280188560486e-8
4.5620933175086975e-8
4.929104149341583e-8
5.60584545135498e-8
6.351131796836853e-8
7.462702393531799e-8
8.622626066207885e-8
8.522258400917053e-8
8.242853879928588e-8
7.567918300628661e-8
6.70327365398407e-8
5.846859216690063e-8
4.9959370493888854e-8
4.3178996443748475e-8
3.731040060520172e-8
3.110159933567047e-8
2.5505846738815307e-8
2.0224653184413908e-8
1.5410113334655762e-8
1.1450906097888947e-8
8.285211771726608e-9
5.840757489204407e-9
3.8989856839179995e-9
2.558877319097519e-9
1.6398910433053969e-9
1.0813957080245017e-9
7.586781866848469e-10
5.729304626584052e-10
4.221847746521234e-10
2.8645889833569526e-10
1.8950352678075432e-10
2.809646539390087e-10
7.383931428194046e-10
1.0729243047535418e-9
1.3981632888317108e-9
1.8139202147722243e-9
2.3854242637753484e-9
3.265177458524704e-9
4.761398956179618e-9
7.080391049385071e-9
1.031077355146408e-8
1.4457565546035766e-8
1.9414703547954557e-8
2.3234757781028746e-8
2.6729509234428406e-8
3.224691152572632e-8
3.6855942010879514e-8
4.2711541056632995e-8
4.9257150292396545e-8
4.898686110973358e-8
4.467144310474396e-8
3.850955069065094e-8
3.185821771621704e-8
2.599334716796875e-8
2.1320819854736326e-8
1.789047122001648e-8
1.589498370885849e-8
1.4802533388137817e-8
1.437322199344635e-8
1.4596913754940032e-8
1.5055166184902192e-8
1.5715295076370238e-8
1.676943451166153e-8
1.8223679065704344e-8
1.9944362342357634e-8
2.2415068745613098e-8
2.560429871082306e-8
2.8868719935417174e-8
3.3048501610755916e-8
4.033010900020599e-8
5.3746962547302245e-8
7.577410936355591e-8
8.612521886825562e-8
8.463132381439209e-8
7.693054676055907e-8
6.950799822807312e-8
6.535853743553161e-8
5.998740792274475e-8
5.526060461997986e-8
4.9727159738540646e-8
4.049575328826904e-8
3.173460364341736e-8
2.8291100263595578e-8
2.743679881095886e-8
2.28970929980278e-8
1.8687637150287628e-8
1.4823074638843535e-8
1.250333935022354e-8
1.190536618232727e-8
1.1784645169973372e-8
1.2299371510744094e-8
1.3001318275928497e-8
1.3648320734500885e-8
1.4895947277545929e-8
1.7150393128395078e-8
1.9242091476917266e-8
2.125559002161026e-8
2.448691725730896e-8
2.9790943861007687e-8
3.640136420726776e-8
4.2598429322242736e-8
4.4161102175712585e-8
4.484235346317291e-8
4.861468970775604e-8
5.550000667572021e-8
6.34240984916687e-8
7.450267076492309e-8
8.586243987083434e-8
8.483202457427978e-8
8.236265182495117e-8
7.605935335159302e-8
6.773342490196227e-8
5.91115117073059e-8
5.06864607334137e-8
4.418522417545319e-8
3.840308487415313e-8
3.209699988365173e-8
2.6537472009658812e-8
2.134536802768707e-8
1.6473102569580077e-8
1.2422439455986022e-8
9.125398099422454e-9
6.490426510572433e-9
4.365400969982147e-9
2.8983259573578834e-9
1.8918724730610845e-9
1.2606031261384486e-9
8.830711245536804e-10
6.710285320878028e-10
4.942118655890226e-10
3.327811136841774e-10
2.228789497166872e-10
2.940136706456542e-10
7.6915193349123e-10
1.1092307977378367e-9
1.4385472051799296e-9
1.859387755393982e-9
2.425181493163109e-9
3.280530124902725e-9
4.739121720194817e-9
7.027401030063629e-9
1.0277289152145386e-8
1.4534807205200194e-8
1.9603514671325682e-8
2.3308245837688445e-8
2.651245594024658e-8
3.1894680857658386e-8
3.661916851997375e-8
4.226130545139313e-8
4.801942110061645e-8
4.7661688923835754e-8
4.408917725086212e-8
3.8592386245727537e-8
3.225429058074951e-8
2.6459690928459168e-8
2.173158675432205e-8
1.822509765625e-8
1.613900065422058e-8
1.4888031780719756e-8
1.4274741709232329e-8
1.439078152179718e-8
1.4809268712997436e-8
1.541937291622162e-8
1.6390438377857206e-8
1.770421415567398e-8
1.9226831197738647e-8
2.1484990417957304e-8
2.450282424688339e-8
2.7561846375465392e-8
3.142474889755249e-8
3.8447400927543636e-8
5.171115398406982e-8
7.34332501888275e-8
8.464942574501037e-8
8.436754941940307e-8
7.741311192512512e-8
7.081268429756165e-8
6.766365766525268e-8
6.277498006820678e-8
5.825484991073608e-8
5.2418309450149535e-8
4.200651943683624e-8
3.238047659397125e-8
2.9209706187248227e-8
2.8814244270324706e-8
2.3715896904468536e-8
1.8695518374443053e-8
1.4510124921798705e-8
1.214701011776924e-8
1.1508762091398239e-8
1.1280351877212525e-8
1.1639796197414397e-8
1.2222839146852492e-8
1.2787799537181854e-8
1.3954503834247589e-8
1.613957583904266e-8
1.830199956893921e-8
2.0475773513317108e-8
2.3791012167930603e-8
2.8995251655578613e-8
3.539682626724243e-8
4.154506921768188e-8
4.320809543132782e-8
4.403843879699707e-8
4.792799353599548e-8
5.4945009946823116e-8
6.317569017410277e-8
7.428314089775085e-8
8.554467558860779e-8
8.453332781791687e-8
8.23134422302246e-8
7.63553261756897e-8
6.83099091053009e-8
5.975560545921325e-8
5.142416954040527e-8
4.5103591680526734e-8
3.943503797054291e-8
3.311889171600342e-8
2.7570345997810363e-8
2.2416110336780547e-8
1.7528699338436125e-8
1.3399767875671385e-8
9.980177134275436e-9
7.18378871679306e-9
4.874644801020622e-9
3.2690118998289108e-9
2.1620696410536765e-9
1.4602651819586754e-9
1.029937993735075e-9
7.8336326405406e-10
5.776434671133756e-10
3.890939988195896e-10
2.6081593241542576e-10
3.069858532398939e-10
7.982023991644382e-10
1.145176775753498e-9
1.4785233885049819e-9
1.899508386850357e-9
2.4556510150432586e-9
3.2897640019655226e-9
4.721209034323692e-9
6.9933727383613585e-9
1.0269474238157272e-8
1.4601612091064452e-8
1.97190448641777e-8
2.3330417275428772e-8
2.6353970170021055e-8
3.161094188690186e-8
3.628823757171631e-8
4.1689765453338624e-8
4.69685822725296e-8
4.659297466278076e-8
4.350464940071106e-8
3.85524183511734e-8
3.25494110584259e-8
2.6871100068092345e-8
2.212809473276138e-8
1.855056434869766e-8
1.6364955902099608e-8
1.4976006746292113e-8
1.4216035604476928e-8
1.4219847321510314e-8
1.4571826159954071e-8
1.512773633003235e-8
1.6017083823680878e-8
1.7205485701560974e-8
1.856570690870285e-8
2.0633982121944427e-8
2.3455707728862763e-8
2.6323428750038147e-8
2.9956081509590145e-8
3.67203950881958e-8
4.9764394760131835e-8
7.1165531873703e-8
8.309065103530884e-8
8.383077383041382e-8
7.772154808044433e-8
7.197786569595337e-8
6.977182030677795e-8
6.544421911239624e-8
6.117438077926636e-8
5.5032449960708614e-8
4.366432726383209e-8
3.336804211139679e-8
3.020522892475128e-8
2.9968866705894467e-8
2.4397809803485868e-8
1.878851503133774e-8
1.4276124536991118e-8
1.181206852197647e-8
1.1104851216077803e-8
1.0789133608341216e-8
1.1033692210912704e-8
1.1508586257696152e-8
1.1999770998954773e-8
1.3093465566635132e-8
1.5203647315502165e-8
1.7385165393352508e-8
1.9657064974308014e-8
2.303839474916458e-8
2.818985879421234e-8
3.445200026035309e-8
4.0509161353111264e-8
4.225855767726898e-8
4.3221107125282285e-8
4.722655713558197e-8
5.437013506889343e-8
6.281975507736206e-8
7.399303317070007e-8
8.523855209350585e-8
8.428500890731811e-8
8.227332830429077e-8
7.659578323364258e-8
6.880116462707519e-8
6.037093997001648e-8
5.21463930606842e-8
4.597106277942657e-8
4.0418457984924314e-8
3.412989377975464e-8
2.8600361943244932e-8
2.3466189205646514e-8
1.856400370597839e-8
1.4378948509693145e-8
1.085231453180313e-8
7.90826752781868e-9
5.423497408628464e-9
3.6724962294101713e-9
2.456524409353733e-9
1.6799565404653548e-9
1.1969353072345257e-9
9.143506176769733e-10
6.74846488982439e-10
4.5495005324482914e-10
3.051271894946694e-10
3.197183134034276e-10
8.281266316771507e-10
1.1836580000817776e-9
1.5199239365756512e-9
1.93747840821743e-9
2.4839239194989204e-9
3.3005911856889723e-9
4.706147313117981e-9
6.977298110723495e-9
1.0292673856019973e-8
1.464390903711319e-8
1.9786584377288817e-8
2.3379702866077424e-8
2.620289623737335e-8
3.1274765729904174e-8
3.5861527919769286e-8
4.1040754318237304e-8
4.601249694824218e-8
4.573058485984802e-8
4.300879836082458e-8
3.845363259315491e-8
3.27614039182663e-8
2.725120186805725e-8
2.25397527217865e-8
1.889927387237549e-8
1.6578350961208343e-8
1.5042242407798766e-8
1.416473388671875e-8
1.4058588445186614e-8
1.4348301291465758e-8
1.486249417066574e-8
1.566103398799896e-8
1.6734321415424347e-8
1.7959871888160703e-8
1.9832947850227356e-8
2.2455126047134398e-8
2.516086399555206e-8
2.8656527400016783e-8
3.5189980268478395e-8
4.786811769008636e-8
6.893582940101623e-8
8.153156042098998e-8
8.304641246795653e-8
7.77601420879364e-8
7.293494939804076e-8
7.16450572013855e-8
6.78443431854248e-8
6.379666924476623e-8
5.764033198356628e-8
4.563336074352264e-8
3.477765023708343e-8
3.1278470158576964e-8
3.063170611858368e-8
2.5019940733909605e-8
1.9051575660705565e-8
1.4226727187633514e-8
1.1615639179944992e-8
1.0773813724517822e-8
1.0313546657562255e-8
1.0416433215141296e-8
1.0821986198425293e-8
1.1247622966766358e-8
1.2335845828056334e-8
1.4372597634792326e-8
1.6466665267944335e-8
1.8829520046710968e-8
2.2307023406028747e-8
2.7442362904548643e-8
3.356136381626129e-8
3.944579660892486e-8
4.1383060812950135e-8
4.246251583099365e-8
4.637591242790222e-8
5.3695881366729735e-8
6.245205402374267e-8
7.366227507591248e-8
8.492336869239807e-8
8.410246968269348e-8
8.228205442428589e-8
7.681156992912292e-8
6.918948292732238e-8
6.089289784431458e-8
5.280546545982361e-8
4.676582515239715e-8
4.132282435894012e-8
3.5103064775466916e-8
2.9616886377334593e-8
2.4500879645347593e-8
1.9577740132808683e-8
1.5354947745800017e-8
1.1743462085723876e-8
8.655224740505217e-9
6.003478169441223e-9
4.1072621941566465e-9
2.7880048379302026e-9
1.9211148843169212e-9
1.377986278384924e-9
1.060885563492775e-9
7.835674099624157e-10
5.307601764798164e-10
3.5688919015228747e-10
3.3331764861941335e-10
8.691222406923771e-10
1.2441092170774936e-9
1.5848765149712562e-9
1.9931735470890997e-9
2.5368429720401764e-9
3.339087218046188e-9
4.685258865356445e-9
6.99431300163269e-9
1.0441315174102783e-8
1.4619763195514678e-8
1.981363296508789e-8
2.3751933872699738e-8
2.593669593334198e-8
3.0460116267204286e-8
3.5078141093254086e-8
4.0118461847305295e-8
4.4945424795150756e-8
4.5265549421310424e-8
4.2951655387878415e-8
3.8424542546272275e-8
3.294121325016022e-8
2.775188684463501e-8
2.3213759064674378e-8
1.9483567774295805e-8
1.6758255660533903e-8
1.4927874505519867e-8
1.4005257189273833e-8
1.3795065879821776e-8
1.4122048020362853e-8
1.4730258285999298e-8
1.5372537076473234e-8
1.6318465769290924e-8
1.7451071739196777e-8
1.9005684554576873e-8
2.1399791538715362e-8
2.4075996875762937e-8
2.779259383678436e-8
3.4160789847373964e-8
4.579476714134216e-8
6.654331684112549e-8
8.03428292274475e-8
8.181341886520386e-8
7.697919011116028e-8
7.335620522499084e-8
7.289183139801024e-8
6.91508114337921e-8
6.48704469203949e-8
6.0259610414505e-8
4.896558225154876e-8
3.795367479324341e-8
3.2399070262908936e-8
2.8960368037223813e-8
2.549174726009369e-8
2.0327547192573546e-8
1.51380717754364e-8
1.225922331213951e-8
1.0869619250297546e-8
9.822481870651245e-9
9.521189332008361e-9
9.976254403591156e-9
1.0379716008901596e-8
1.1836453527212143e-8
1.3835279643535613e-8
1.539929509162903e-8
1.8019327521324158e-8
2.1928857266902922e-8
2.7168461680412292e-8
3.288346230983734e-8
3.811473250389099e-8
4.092876017093658e-8
4.208379983901977e-8
4.4709953665733337e-8
5.2486193180084224e-8
6.244908571243286e-8
7.338656783103943e-8
8.459206223487854e-8
8.4219229221344e-8
8.260817527770996e-8
7.709917426109313e-8
6.926348209381103e-8
6.10043466091156e-8
5.3183203935623166e-8
4.728787541389465e-8
4.192205667495727e-8
3.593548834323883e-8
3.0594781041145324e-8
2.5511333346366883e-8
2.053608149290085e-8
1.6329741477966307e-8
1.26811683177948e-8
9.39420610666275e-9
6.591963768005371e-9
4.562138393521309e-9
3.224634751677513e-9
2.1849945187568664e-9
1.5320660546422003e-9
1.1917251162230968e-9
8.732263930141925e-10
6.094715092331171e-10
4.168672487139702e-10
3.486694302409887e-10
9.121354669332504e-10
1.301384251564741e-9
1.6429841518402098e-9
2.0480129867792128e-9
2.582288719713688e-9
3.358890488743782e-9
4.694746062159538e-9
7.036160677671432e-9
1.0497774928808211e-8
1.4665021002292633e-8
1.9913929700851438e-8
2.3830483853816984e-8
2.569495141506195e-8
2.983575165271759e-8
3.430255949497223e-8
3.9233830571174617e-8
4.405193924903869e-8
4.474391043186188e-8
4.277404546737671e-8
3.8428911566734314e-8
3.3148986101150514e-8
2.8200504183769224e-8
2.3795771598815918e-8
1.9963665306568145e-8
1.6972728073596954e-8
1.490056812763214e-8
1.3845102488994597e-8
1.3585942983627318e-8
1.3911043107509612e-8
1.4525502920150756e-8
1.5110203623771668e-8
1.593491733074188e-8
1.6924752295017242e-8
1.8284013867378233e-8
2.0469218492507932e-8
2.3078492283821105e-8
2.6826101541519165e-8
3.304329216480255e-8
4.4106376171112056e-8
6.438021659851074e-8
7.885318398475647e-8
8.049020171165467e-8
7.6280677318573e-8
7.356892228126525e-8
7.383438944816589e-8
7.040851712226868e-8
6.631321310997009e-8
6.278787851333618e-8
5.204994678497314e-8
4.0508821606636045e-8
3.3367902040481564e-8
2.8742453455924986e-8
2.5672408938407898e-8
2.1281664073467254e-8
1.604481041431427e-8
1.2767699360847473e-8
1.0896820574998855e-8
9.389024972915649e-9
8.841919153928756e-9
9.18639451265335e-9
9.670013189315795e-9
1.12029530107975e-8
1.3206276297569275e-8
1.4642013609409332e-8
1.7219235002994535e-8
2.1361657977104186e-8
2.6727452874183652e-8
3.223840296268463e-8
3.716616332530975e-8
4.0218201279640196e-8
4.1437169909477235e-8
4.355953931808472e-8
5.1435011625289916e-8
6.202933788299561e-8
7.299922704696655e-8
8.435392379760742e-8
8.428336977958679e-8
8.28324556350708e-8
7.734109163284301e-8
6.940107941627503e-8
6.116987466812133e-8
5.3509652614593503e-8
4.776579141616821e-8
4.253026247024536e-8
3.6703377962112424e-8
3.151065111160278e-8
2.649012506008148e-8
2.1507471799850462e-8
1.7288459837436676e-8
1.3594843447208404e-8
1.018380895256996e-8
7.205133140087127e-9
5.066081136465073e-9
3.636642172932625e-9
2.4979744106531143e-9
1.7273440957069397e-9
1.3298599049448966e-9
9.839706122875213e-10
6.921873427927494e-10
4.836160223931074e-10
3.6533728707581756e-10
9.550211951136589e-10
1.3551251962780952e-9
1.6979478299617766e-9
2.0977821201086044e-9
2.618195116519928e-9
3.3808004111051556e-9
4.716614633798599e-9
7.070799916982651e-9
1.0546021908521652e-8
1.472657024860382e-8
1.998455077409744e-8
2.3813724517822265e-8
2.5444880127906798e-8
2.929915189743042e-8
3.358000814914703e-8
3.8409590721130367e-8
4.324895441532135e-8
4.42069947719574e-8
4.2538073658943174e-8
3.842649459838867e-8
3.335878252983093e-8
2.8607615828514097e-8
2.4298617243766783e-8
2.0387086272239685e-8
1.7193597555160523e-8
1.491521745920181e-8
1.3724403083324431e-8
1.3402082026004791e-8
1.3706946372985839e-8
1.4304998517036437e-8
1.4842040836811065e-8
1.5569128096103666e-8
1.6424661874771117e-8
1.762362569570541e-8
1.9638124108314514e-8
2.214713841676712e-8
2.5843036174774168e-8
3.191157877445221e-8
4.2609372735023495e-8
6.238664984703064e-8
7.722184062004089e-8
7.911780476570129e-8
7.557258605957031e-8
7.361654043197631e-8
7.457419633865357e-8
7.160321474075317e-8
6.791363954544067e-8
6.526549458503723e-8
5.4860627651214594e-8
4.274041950702667e-8
3.4466049075126646e-8
2.9041409492492676e-8
2.60259211063385e-8
2.203424572944641e-8
1.6816744208335875e-8
1.3200107216835022e-8
1.0885542631149291e-8
9.027009457349777e-9
8.269893378019333e-9
8.515357226133346e-9
9.013623744249343e-9
1.0563662648200988e-8
1.255282461643219e-8
1.396304816007614e-8
1.6503992676734923e-8
2.0711751282215116e-8
2.616302967071533e-8
3.159573674201965e-8
3.636175394058227e-8
3.944675028324127e-8
4.069060087203979e-8
4.2626202106475826e-8
5.049644112586975e-8
6.142745614051818e-8
7.25290834903717e-8
8.410918116569519e-8
8.428890109062194e-8
8.29911708831787e-8
7.754775881767273e-8
6.956804990768433e-8
6.136537194252014e-8
5.381600260734558e-8
4.8211622238159176e-8
4.3118193745613095e-8
3.7430718541145324e-8
3.2373717427253724e-8
2.74354875087738e-8
2.246682494878769e-8
1.8240316212177275e-8
1.4505358040332794e-8
1.0987100750207901e-8
7.858191430568694e-9
5.590426921844482e-9
4.075238108634948e-9
2.8276577591896055e-9
1.957752555608749e-9
1.494927518069744e-9
1.1059110052883624e-9
7.86778051406145e-10
5.563594400882721e-10
3.826668485999107e-10
9.968279860913753e-10
1.406385563313961e-9
1.7488997429609297e-9
2.1413279697299002e-9
2.6506436988711357e-9
3.4050192683935166e-9
4.741092026233673e-9
7.1042828261852264e-9
1.0592976212501525e-8
1.478278785943985e-8
2.0021937787532806e-8
2.3747695982456205e-8
2.5190204381942748e-8
2.881164252758026e-8
3.291467130184174e-8
3.764739036560059e-8
4.250575602054596e-8
4.3672156333923336e-8
4.227182865142822e-8
3.84069412946701e-8
3.355395495891571e-8
2.8975078463554382e-8
2.474207878112793e-8
2.0767509937286376e-8
1.7411711812019346e-8
1.495756208896637e-8
1.3637638092041015e-8
1.3242289423942566e-8
1.3510747253894805e-8
1.4080218970775604e-8
1.4571085572242736e-8
1.521458625793457e-8
1.5954069793224333e-8
1.7015656828880308e-8
1.8880613148212433e-8
2.1276821196079252e-8
2.4880442023277283e-8
3.0799940228462215e-8
4.121964573860168e-8
6.052063107490539e-8
7.552722096443176e-8
7.771973609924316e-8
7.481963038444519e-8
7.353000044822692e-8
7.516235113143921e-8
7.272590994834899e-8
6.9557386636734e-8
6.768016219139099e-8
5.746425986289978e-8
4.480752944946289e-8
3.566966950893402e-8
2.962610125541687e-8
2.6529958844184875e-8
2.271599918603897e-8
1.7461442947387696e-8
1.3555878400802612e-8
1.0866040736436844e-8
8.71424302458763e-9
7.786254584789276e-9
7.933299243450165e-9
8.414933830499648e-9
9.940434992313384e-9
1.1904887109994888e-8
1.3316512107849121e-8
1.583534926176071e-8
2.00450524687767e-8
2.5525078177452086e-8
3.093147873878479e-8
3.5609248280525207e-8
3.867038488388061e-8
3.991907238960266e-8
4.179244935512543e-8
4.963211119174957e-8
6.074578166007996e-8
7.200113534927368e-8
8.382178544998168e-8
8.423433899879455e-8
8.309752941131591e-8
7.772364616394042e-8
6.974578499794006e-8
6.1576509475708e-8
5.411335229873657e-8
4.8633792996406556e-8
4.367956221103668e-8
3.812249004840851e-8
3.319379091262817e-8
2.834552228450775e-8
2.3406486213207243e-8
1.918334662914276e-8
1.541498154401779e-8
1.180317848920822e-8
8.534833043813705e-9
6.1443757265806194e-9
4.535965621471405e-9
3.1837396323680876e-9
2.213907241821289e-9
1.6872631385922432e-9
1.2466355226933955e-9
8.918858133256435e-10
6.370715331286191e-10
3.9865626022219657e-10
1.0357547551393508e-9
1.4425169676542281e-9
1.7714295536279677e-9
2.1464014425873756e-9
2.668013609945774e-9
3.4698806703090664e-9
4.8515882343053816e-9
7.29282721877098e-9
1.0913250595331191e-8
1.5317952632904054e-8
2.0006872713565824e-8
2.2990310192108153e-8
2.4615339934825895e-8
2.8184151649475097e-8
3.239670991897583e-8
3.731857538223266e-8
4.2159688472747803e-8
4.3211540579795835e-8
4.174569249153137e-8
3.817376792430877e-8
3.374219834804535e-8
2.9182735085487365e-8
2.4897317588329315e-8
2.0898827910423277e-8
1.755695939064026e-8
1.5216565132141114e-8
1.3843193650245666e-8
1.3379144668579101e-8
1.3516300916671752e-8
1.3802678883075714e-8
1.4274016022682189e-8
1.4794076979160307e-8
1.5320932865142823e-8
1.637507528066635e-8
1.810149401426315e-8
2.0446407794952393e-8
2.4044489860534666e-8
2.9707100987434387e-8
3.966846764087677e-8
5.8544754981994624e-8
7.386261820793151e-8
7.63132095336914e-8
7.407375574111938e-8
7.32461154460907e-8
7.538024187088012e-8
7.354581952095031e-8
7.053018808364868e-8
6.934844255447388e-8
5.974594950675964e-8
4.679406583309173e-8
3.804008662700653e-8
3.1447374820709225e-8
2.6991951465606688e-8
2.3108881711959836e-8
1.8109744787216184e-8
1.3872671127319336e-8
1.0725107043981552e-8
8.521696925163269e-9
7.568549364805222e-9
7.505911588668823e-9
7.957085967063904e-9
9.37049388885498e-9
1.1617042869329453e-8
1.2977072596549988e-8
1.50739848613739e-8
1.939839720726013e-8
2.453422099351883e-8
2.984708845615387e-8
3.4876373410224916e-8
3.82713109254837e-8
3.973199427127838e-8
4.1442021727561946e-8
4.87193077802658e-8
5.9309202432632444e-8
7.135593295097351e-8
8.386511206626892e-8
8.423963785171508e-8
8.329193592071533e-8
7.779029607772827e-8
6.982614994049072e-8
6.16941511631012e-8
5.419352650642395e-8
4.893411695957183e-8
4.4192758202552795e-8
3.865762054920196e-8
3.39090496301651e-8
2.9164937138557434e-8
2.428896427154541e-8
2.0036055147647857e-8
1.623276025056839e-8
1.2651923298835753e-8
9.259705245494843e-9
6.7760199308395385e-9
5.117617920041084e-9
3.4968353807926175e-9
2.4499302729964256e-9
1.888819970190525e-9
1.3851898722350597e-9
1.0091675445437432e-9
7.243828848004341e-10
4.137786570936441e-10
1.0672261007130146e-9
1.464920025318861e-9
1.7746165394783019e-9
2.1402131766080856e-9
2.690104395151138e-9
3.5584840923547745e-9
5.020305886864662e-9
7.58872851729393e-9
1.1422838270664214e-8
1.5902252495288848e-8
1.9879421591758728e-8
2.2128356993198394e-8
2.3842425644397734e-8
2.751600742340088e-8
3.1959033012390136e-8
3.715109825134277e-8
4.197638928890228e-8
4.280595779418945e-8
4.118101894855499e-8
3.786109089851379e-8
3.382094502449036e-8
2.9279610514640807e-8
2.4913394451141357e-8
2.091444730758667e-8
1.7685142159461974e-8
1.5537886321544645e-8
1.4202359318733215e-8
1.3664659857749938e-8
1.3598804175853728e-8
1.3585881888866424e-8
1.39443501830101e-8
1.4330852031707764e-8
1.4679229259490966e-8
1.5695823729038237e-8
1.7343536019325256e-8
1.9650134444236756e-8
2.323325276374817e-8
2.8647130727767942e-8
3.814901709556579e-8
5.657272934913635e-8
7.215482592582702e-8
7.487622499465941e-8
7.327570915222167e-8
7.282397747039795e-8
7.536597847938538e-8
7.409195899963379e-8
7.114608287811278e-8
7.059217095375061e-8
6.173933148384093e-8
4.88882303237915e-8
4.0837681293487545e-8
3.374755680561066e-8
2.776750922203064e-8
2.349039167165756e-8
1.863877773284912e-8
1.4136761426925658e-8
1.0634366422891617e-8
8.39305743575096e-9
7.4369050562381745e-9
7.2124764323234555e-9
7.57562294602394e-9
8.942920714616775e-9
1.139235496520996e-8
1.2727868556976317e-8
1.4457613229751586e-8
1.866450160741806e-8
2.3479650914669034e-8
2.8653204441070554e-8
3.4079778194427486e-8
3.79823237657547e-8
3.975539207458496e-8
4.127604365348816e-8
4.7875839471817015e-8
5.777395963668823e-8
7.061452269554138e-8
8.389169573783874e-8
8.423672318458557e-8
8.352030515670776e-8
7.781868577003479e-8
6.985748410224914e-8
6.174388527870179e-8
5.419714450836182e-8
4.914821684360504e-8
4.4624802470207213e-8
3.912748396396637e-8
3.453786969184875e-8
2.991676926612854e-8
2.5107431411743162e-8
2.0838424563407896e-8
1.7016921937465666e-8
1.3479559123516082e-8
1.0024396330118179e-8
7.47152790427208e-9
5.74110671877861e-9
3.8539029657840725e-9
2.6769425719976426e-9
2.0884079858660695e-9
1.5364551916718482e-9
1.1327483691275118e-9
8.207185193896293e-10
4.278338514268398e-10
1.0914416052401065e-9
1.4802884310483932e-9
1.7784239724278448e-9
2.1481193602085114e-9
2.728140912950039e-9
3.652063012123108e-9
5.199268832802772e-9
7.904637604951858e-9
1.1881695687770843e-8
1.6231048107147216e-8
1.9724734127521513e-8
2.1532075107097626e-8
2.3151393234729767e-8
2.6902580261230468e-8
3.1521850824356076e-8
3.688294887542724e-8
4.1715773940086364e-8
4.242306053638458e-8
4.07418817281723e-8
3.759338855743408e-8
3.378941714763641e-8
2.933500111103058e-8
2.495209276676178e-8
2.0967307686805724e-8
1.7831215262413026e-8
1.5801218152046203e-8
1.4519442617893218e-8
1.3911443948745728e-8
1.366325318813324e-8
1.3443043828010558e-8
1.3629962503910064e-8
1.3886386156082152e-8
1.4124009013175964e-8
1.5048305690288542e-8
1.663444936275482e-8
1.8887673318386078e-8
2.239531576633453e-8
2.762661576271057e-8
3.679433465003967e-8
5.473809242248535e-8
7.038180232048034e-8
7.340664863586426e-8
7.23775863647461e-8
7.232548594474792e-8
7.52867341041565e-8
7.45037853717804e-8
7.180898189544677e-8
7.186062932014465e-8
6.360459923744202e-8
5.10360300540924e-8
4.332877993583679e-8
3.581255972385406e-8
2.890593409538269e-8
2.4083878099918366e-8
1.9056984782218934e-8
1.4354488253593445e-8
1.0635612159967422e-8
8.284076303243636e-9
7.2694405913352966e-9
6.968381255865097e-9
7.245557010173797e-9
8.59384536743164e-9
1.1063680052757263e-8
1.2404625862836837e-8
1.3984566926956177e-8
1.7931178212165832e-8
2.254105359315872e-8
2.7615591883659363e-8
3.3237749338150024e-8
3.753544986248016e-8
3.9584034681320186e-8
4.101248085498809e-8
4.717436730861664e-8
5.662841796875e-8
6.986255049705504e-8
8.365556001663207e-8
8.41439425945282e-8
8.368422985076904e-8
7.786281704902649e-8
6.990324854850769e-8
6.179134249687195e-8
5.4254245758056635e-8
4.934468865394592e-8
4.499126970767975e-8
3.959769308567047e-8
3.513168692588806e-8
3.062988221645355e-8
2.5884264707565307e-8
2.163611203432083e-8
1.7817816138267516e-8
1.4282138645648956e-8
1.0792819410562516e-8
8.182758092880248e-9
6.361957639455795e-9
4.279394447803497e-9
2.945585735142231e-9
2.299026772379875e-9
1.7073106020689009e-9
1.2673959136009215e-9
9.266083128750324e-10
4.3986104428768155e-10
1.1101451702415944e-9
1.4922513626515865e-9
1.7867276445031166e-9
2.1666640415787696e-9
2.7768453583121297e-9
3.755221888422966e-9
5.388680100440979e-9
8.213376253843307e-9
1.2250242382287979e-8
1.6441291570663452e-8
1.9570575654506683e-8
2.1057191491127013e-8
2.256421148777008e-8
2.634000778198242e-8
3.10791403055191e-8
3.655368685722351e-8
4.140319228172302e-8
4.205787181854248e-8
4.0372654795646664e-8
3.734884560108185e-8
3.371170163154602e-8
2.9353362321853635e-8
2.4997684359550476e-8
2.1043649315834046e-8
1.7979139089584348e-8
1.6036447882652283e-8
1.4792177081108093e-8
1.4125314354896544e-8
1.372811198234558e-8
1.3326364755630492e-8
1.3349562883377074e-8
1.3475558161735534e-8
1.3616223633289337e-8
1.4451907575130462e-8
1.5964014828205107e-8
1.8153874576091765e-8
2.1568554639816282e-8
2.6642322540283203e-8
3.554013073444366e-8
5.301709175109863e-8
6.859604120254517e-8
7.19191014766693e-8
7.139520049095153e-8
7.175219058990479e-8
7.513712644577027e-8
7.481571435928345e-8
7.247246503829956e-8
7.312808036804199e-8
6.539749503135681e-8
5.3117746114730836e-8
4.564631581306457e-8
3.779070973396301e-8
3.0182331800460814e-8
2.482331246137619e-8
1.9480374455451965e-8
1.4559420943260193e-8
1.0662876069545745e-8
8.196743577718734e-9
7.109255343675613e-9
6.7436926066875455e-9
6.9660186767578125e-9
8.271709084510803e-9
1.0713638365268707e-8
1.2047214806079864e-8
1.3538436591625214e-8
1.726793199777603e-8
2.1682660281658172e-8
2.6674067974090575e-8
3.239665627479553e-8
3.697610795497894e-8
3.926334083080292e-8
4.0674850344657895e-8
4.655972123146057e-8
5.572273731231689e-8
6.913420557975769e-8
8.327411413192748e-8
8.397117853164673e-8
8.377041816711425e-8
7.790288925170898e-8
6.995674967765808e-8
6.184582114219666e-8
5.4337131977081295e-8
4.953357875347137e-8
4.532131254673004e-8
4.004426896572113e-8
3.5699117183685304e-8
3.130672574043274e-8
2.6629573106765747e-8
2.2419111430644987e-8
1.8616704642772675e-8
1.508265435695648e-8
1.1556284874677658e-8
8.900139480829239e-9
7.009068131446838e-9
4.7383055090904235e-9
3.2563939690589905e-9
2.5367246940732e-9
1.8929896876215933e-9
1.4167124405503273e-9
1.042652130126953e-9
4.50030667707324e-10
1.1241913773119448e-9
1.504114456474781e-9
1.8028585240244865e-9
2.1987825632095335e-9
2.842601202428341e-9
3.87943834066391e-9
5.605216696858406e-9
8.52523073554039e-9
1.2535300850868224e-8
1.658152639865875e-8
1.939971297979355e-8
2.0612500607967374e-8
2.2056397795677184e-8
2.5834760069847107e-8
3.067716062068939e-8
3.6154815554618836e-8
4.096527397632599e-8
4.1647633910179137e-8
4.005283713340759e-8
3.719114065170288e-8
3.363159894943237e-8
2.9333630204200742e-8
2.5048547983169554e-8
2.115931212902069e-8
1.81586816906929e-8
1.6271683573722838e-8
1.5047353506088255e-8
1.4312787353992461e-8
1.3768495619297027e-8
1.3210959732532501e-8
1.3070708513259887e-8
1.3068769872188567e-8
1.3146832585334777e-8
1.3902547955513e-8
1.5337702631950377e-8
1.7478658258914947e-8
2.0779937505722045e-8
2.5682485103607178e-8
3.435464799404144e-8
5.1423609256744384e-8
6.684265732765197e-8
7.040960192680359e-8
7.036753296852112e-8
7.113376259803772e-8
7.482311129570008e-8
7.496658563613891e-8
7.308093309402465e-8
7.423370480537415e-8
6.708897352218628e-8
5.522284507751464e-8
4.7950804233551025e-8
3.972787857055664e-8
3.144044578075409e-8
2.5534793734550476e-8
1.9947436451911926e-8
1.4875014126300812e-8
1.076919361948967e-8
8.15163105726242e-9
6.99356272816658e-9
6.56825304031372e-9
6.7600525915622706e-9
8.036408573389053e-9
1.035154014825821e-8
1.1694085597991942e-8
1.3158576190471648e-8
1.667979508638382e-8
2.0921038091182708e-8
2.580110728740692e-8
3.1562215089797974e-8
3.6339709162712094e-8
3.876082599163055e-8
4.033640921115875e-8
4.601592719554901e-8
5.4919487237930294e-8
6.847427487373351e-8
8.276587128639221e-8
8.370859622955322e-8
8.370381593704224e-8
7.790002822875976e-8
7.005481719970702e-8
6.19269847869873e-8
5.4439276456832884e-8
4.9696141481399535e-8
4.5580351352691646e-8
4.044242799282074e-8
3.622057735919952e-8
3.193594515323639e-8
2.7356258034706116e-8
2.3191869258880613e-8
1.940973848104477e-8
1.5892891585826873e-8
1.234680712223053e-8
9.689422696828842e-9
7.624179124832152e-9
5.204982683062553e-9
3.617008030414581e-9
2.803411893546581e-9
2.0943041890859604e-9
1.5732597559690475e-9
1.1681897565722465e-9
4.6015125699341296e-10
1.1306212283670901e-9
1.519021950662136e-9
1.8442563712596893e-9
2.274915389716625e-9
2.9712405055761336e-9
4.097881913185119e-9
5.987875163555145e-9
9.003390371799469e-9
1.2691675126552581e-8
1.6654250025749204e-8
1.907530277967453e-8
1.9930464029312134e-8
2.1579569578170777e-8
2.5434911251068113e-8
3.053673803806305e-8
3.551571667194366e-8
3.9909592270851133e-8
4.086466133594513e-8
3.9811521768569945e-8
3.751430511474609e-8
3.367884755134582e-8
2.9220008850097654e-8
2.514161765575409e-8
2.1474140882492065e-8
1.8559938669204712e-8
1.6649161279201506e-8
1.5391728281974792e-8
1.4473243057727813e-8
1.3660410046577453e-8
1.2981946766376494e-8
1.2626963853836059e-8
1.249212473630905e-8
1.268922835588455e-8
1.3408410549163817e-8
1.4781354367733002e-8
1.7019365727901458e-8
2.011485993862152e-8
2.4690222740173338e-8
3.321667611598968e-8
5.0136029720306395e-8
6.523689031600952e-8
6.881295442581176e-8
6.943295001983643e-8
7.060170173645019e-8
7.38275945186615e-8
7.449487447738647e-8
7.340759634971618e-8
7.43504524230957e-8
6.839883923530578e-8
5.795106291770935e-8
5.087899565696716e-8
4.1673913598060604e-8
3.2137522101402284e-8
2.5504070520401e-8
2.045817971229553e-8
1.592162549495697e-8
1.1373791098594664e-8
8.327481150627136e-9
7.1056619286537166e-9
6.606656312942504e-9
6.873074918985366e-9
8.215156942605972e-9
9.973444044589995e-9
1.1445667594671248e-8
1.3144956529140472e-8
1.6292004287242887e-8
2.0361532270908354e-8
2.4996693432331082e-8
3.071756362915039e-8
3.5627034306526185e-8
3.775809109210968e-8
4.0322196483612057e-8
4.56190824508667e-8
5.392684936523437e-8
6.804864406585693e-8
8.190259337425232e-8
8.322159647941589e-8
8.305334448814392e-8
7.769069671630859e-8
7.043952941894531e-8
6.214411258697509e-8
5.458601117134094e-8
4.970467388629913e-8
4.550482928752899e-8
4.06525582075119e-8
3.658061921596527e-8
3.2421413064002986e-8
2.8115874528884885e-8
2.3999321460723877e-8
2.0206758379936217e-8
1.678638607263565e-8
1.3351543247699737e-8
1.0959348082542419e-8
7.896505296230315e-9
5.489814653992652e-9
4.112621024250984e-9
3.090115264058113e-9
2.280282974243164e-9
1.6935206949710845e-9
1.2863216921687125e-9
4.66805649921298e-10
1.1424751952290535e-9
1.5434984117746352e-9
1.892770640552044e-9
2.3607291281223294e-9
3.1161991879343985e-9
4.34311032295227e-9
6.3422456383705134e-9
9.336960315704345e-9
1.2903150916099549e-8
1.6622912883758543e-8
1.875050216913223e-8
1.944247931241989e-8
2.1113382279872892e-8
2.5068017840385435e-8
3.018903434276581e-8
3.4912049770355224e-8
3.9062455296516415e-8
4.017986059188843e-8
3.954312205314636e-8
3.758708834648132e-8
3.374015390872955e-8
2.9218527674674987e-8
2.5244191288948057e-8
2.1740630269050596e-8
1.8918630480766296e-8
1.7019334435462953e-8
1.5689454972743987e-8
1.4610284566879273e-8
1.3602976500988006e-8
1.2742458283901214e-8
1.2240553647279738e-8
1.2019733339548111e-8
1.2206534296274185e-8
1.2933279573917388e-8
1.4281849563121795e-8
1.6485647857189176e-8
1.947673261165619e-8
2.3836137354373932e-8
3.215360939502716e-8
4.879246056079864e-8
6.365023851394653e-8
6.733143925666808e-8
6.839808225631714e-8
6.988813877105713e-8
7.296802401542663e-8
7.40395724773407e-8
7.353820204734801e-8
7.466121912002564e-8
6.96956992149353e-8
6.022786498069763e-8
5.3510546684265133e-8
4.360308647155761e-8
3.3053380250930785e-8
2.588875591754913e-8
2.095937430858612e-8
1.6671185195446014e-8
1.1985640972852707e-8
8.620482683181763e-9
7.223702967166901e-9
6.691505014896393e-9
6.967566162347793e-9
8.228661864995957e-9
9.843848645687103e-9
1.121520549058914e-8
1.2954194843769073e-8
1.59937784075737e-8
1.982835531234741e-8
2.4288614094257353e-8
2.991668581962585e-8
3.4829181432723995e-8
3.7018567323684694e-8
3.996194899082183e-8
4.516544342041015e-8
5.319701433181763e-8
6.753227710723876e-8
8.104141950607299e-8
8.2719486951828e-8
8.247225284576416e-8
7.749068140983582e-8
7.063879370689392e-8
6.232926845550537e-8
5.472424030303955e-8
4.9750816822052e-8
4.551901221275329e-8
4.0809050202369685e-8
3.69046539068222e-8
3.2903459668159485e-8
2.877179980278015e-8
2.4772341549396513e-8
2.102483958005905e-8
1.7681822180747985e-8
1.4377814531326293e-8
1.191706359386444e-8
8.562355488538741e-9
5.825040116906166e-9
4.4813826680183406e-9
3.443174436688423e-9
2.4890046566724775e-9
1.8423033878207207e-9
1.404967438429594e-9
4.726994782686233e-10
1.158745028078556e-9
1.5752501785755157e-9
1.9499193876981733e-9
2.457865886390209e-9
3.2787244766950604e-9
4.5910269021987915e-9
6.645832955837249e-9
9.627844393253327e-9
1.3064071536064147e-8
1.6563914716243742e-8
1.8459558486938475e-8
1.9033575057983396e-8
2.0699650049209594e-8
2.4680805206298827e-8
2.9763853549957274e-8
3.432803750038147e-8
3.833800554275512e-8
3.957490026950836e-8
3.924000561237335e-8
3.75441700220108e-8
3.37751030921936e-8
2.9265084862709044e-8
2.536552548408508e-8
2.198053151369095e-8
1.9244512915611267e-8
1.735990345478058e-8
1.596010774374008e-8
1.4738698303699493e-8
1.3554984331130982e-8
1.252973973751068e-8
1.1898691207170487e-8
1.1600038409233093e-8
1.1754243075847625e-8
1.2468890845775603e-8
1.3798049092292786e-8
1.5951216220855713e-8
1.8848827481269837e-8
2.305535078048706e-8
3.116001784801483e-8
4.745443761348724e-8
6.208656430244445e-8
6.590528488159179e-8
6.729926466941833e-8
6.906614303588867e-8
7.216897010803222e-8
7.35841929912567e-8
7.356650829315186e-8
7.505542039871215e-8
7.093698382377624e-8
6.222332119941711e-8
5.589395761489868e-8
4.54947292804718e-8
3.414168655872345e-8
2.6495930552482605e-8
2.150929719209671e-8
1.731429696083069e-8
1.2539243698120117e-8
8.956290036439896e-9
7.3950752615928645e-9
6.7905873060226435e-9
7.03611746430397e-9
8.237760514020919e-9
9.744926542043685e-9
1.1036581546068192e-8
1.2728162109851837e-8
1.5679851174354553e-8
1.9347190856933593e-8
2.364183962345123e-8
2.9154086112976072e-8
3.404307961463928e-8
3.633849024772644e-8
3.947078585624695e-8
4.4671094417572017e-8
5.257250666618347e-8
6.696540713310241e-8
8.021854162216186e-8
8.219961524009705e-8
8.193060755729675e-8
7.728354930877685e-8
7.07223892211914e-8
6.246972680091858e-8
5.485002994537353e-8
4.982283115386963e-8
4.5579031109809875e-8
4.095721840858459e-8
3.719780445098877e-8
3.3353805541992186e-8
2.9374924302101135e-8
2.549935281276703e-8
2.1836651861667632e-8
1.858508139848709e-8
1.5341275930404663e-8
1.288364976644516e-8
9.257685393095015e-9
6.281658262014389e-9
4.8482295125722885e-9
3.778688237071037e-9
2.7393966913223266e-9
2.0091840997338294e-9
1.5326348133385182e-9
4.790669772773981e-10
1.1791347526013851e-9
1.6140546649694442e-9
2.0162565633654594e-9
2.5676168501377104e-9
3.4506373107433316e-9
4.826308414340019e-9
6.918110698461533e-9
9.872587770223617e-9
1.3185514509677886e-8
1.649123877286911e-8
1.8198849260807037e-8
1.8677540123462675e-8
2.032031565904617e-8
2.428310215473175e-8
2.9307186603546142e-8
3.3762720227241515e-8
3.7691321969032283e-8
3.902571797370911e-8
3.8917112350463865e-8
3.74365895986557e-8
3.3781850337982176e-8
2.9327070713043212e-8
2.5498542189598083e-8
2.22061425447464e-8
1.9541813433170317e-8
1.7671146988868714e-8
1.6208490729331968e-8
1.4858250319957733e-8
1.351565271615982e-8
1.2342104315757752e-8
1.159524843096733e-8
1.1221855878829955e-8
1.1334350705146789e-8
1.202355921268463e-8
1.3325238227844238e-8
1.5425679087638855e-8
1.8238408863544464e-8
2.2318847477436064e-8
3.022118210792541e-8
4.614775776863098e-8
6.055168509483337e-8
6.450877785682678e-8
6.615942716598511e-8
6.817570924758911e-8
7.139073014259338e-8
7.311927080154419e-8
7.353541851043701e-8
7.547414302825928e-8
7.210574746131896e-8
6.40197455883026e-8
5.808368325233459e-8
4.734088778495789e-8
3.533785045146942e-8
2.724941372871399e-8
2.211966663599014e-8
1.7919930815696717e-8
1.305187940597534e-8
9.301908314228058e-9
7.602934539318084e-9
6.90782219171524e-9
7.100947946310043e-9
8.243364095687866e-9
9.667523205280304e-9
1.0879486799240111e-8
1.2504753470420836e-8
1.5361197292804716e-8
1.8894141912460325e-8
2.3043864965438843e-8
2.843193411827087e-8
3.328399062156677e-8
3.5671812295913696e-8
3.892179429531097e-8
4.414742887020111e-8
5.1987963914871214e-8
6.636874675750732e-8
7.943719625473022e-8
8.166400790214538e-8
8.141344785690307e-8
7.70608901977539e-8
7.072845697402953e-8
6.256600022315978e-8
5.495960712432861e-8
4.9909034371376035e-8
4.566560387611389e-8
4.110799431800842e-8
3.746974766254425e-8
3.377086520195007e-8
2.993585765361786e-8
2.6187306642532347e-8
2.2628374397754667e-8
1.9473850727081298e-8
1.6287054121494293e-8
1.383729726076126e-8
1.0000604391098022e-8
6.7876964807510375e-9
5.255180597305297e-9
4.123124852776527e-9
3.0039792880415913e-9
2.2001683712005615e-9
1.6721006482839584e-9
4.89859702065587e-10
1.2156610377132892e-9
1.6683336347341536e-9
2.0703205838799474e-9
2.638821117579937e-9
3.5282250493764874e-9
4.936987906694412e-9
7.074000686407089e-9
9.971900284290313e-9
1.3233043253421783e-8
1.6228739917278288e-8
1.8216955661773682e-8
1.9014498591423035e-8
2.012239545583725e-8
2.3722270131111144e-8
2.8815692663192747e-8
3.3141636848449705e-8
3.6827653646469114e-8
3.847323656082153e-8
3.870736062526703e-8
3.718329966068268e-8
3.388870358467102e-8
2.9793986678123474e-8
2.5835132598876952e-8
2.2403821349143982e-8
1.9774338603019713e-8
1.7897458374500274e-8
1.6250889003276825e-8
1.468692123889923e-8
1.3231866061687468e-8
1.207498237490654e-8
1.126982495188713e-8
1.0902288556098937e-8
1.1018411070108413e-8
1.163387969136238e-8
1.276242733001709e-8
1.4725564420223235e-8
1.7690522968769074e-8
2.1712207794189453e-8
2.918882369995117e-8
4.512877762317657e-8
5.9567022323608395e-8
6.312573552131652e-8
6.476718187332154e-8
6.695244908332825e-8
7.082238793373108e-8
7.293466329574585e-8
7.347880601882935e-8
7.552216053009032e-8
7.255147099494934e-8
6.543924212455749e-8
6.026149988174438e-8
4.913541972637176e-8
3.716736733913422e-8
2.866053283214569e-8
2.2766150534152984e-8
1.8080833554267882e-8
1.3448061048984528e-8
9.970121830701828e-9
8.018314093351364e-9
7.1449376642704004e-9
7.308091968297958e-9
8.35137888789177e-9
9.594708681106567e-9
1.0728713124990462e-8
1.2378601729869843e-8
1.5080031752586365e-8
1.8591421842575072e-8
2.2719444334506988e-8
2.7805852890014648e-8
3.237332999706268e-8
3.495963215827942e-8
3.863131105899811e-8
4.4312959909439084e-8
5.234597325325012e-8
6.594112515449523e-8
7.787927389144898e-8
8.025362491607665e-8
8.033381700515747e-8
7.649117708206177e-8
7.044782042503357e-8
6.268834471702575e-8
5.5075889825820924e-8
4.987668693065643e-8
4.5759755373001095e-8
4.138830900192261e-8
3.766791224479675e-8
3.4056028723716735e-8
3.041617572307587e-8
2.687034010887146e-8
2.3506760597229004e-8
2.033657431602478e-8
1.7899271845817565e-8
1.4419224858283995e-8
1.0304340720176696e-8
7.485362142324446e-9
5.758767947554588e-9
4.459683969616889e-9
3.275693953037262e-9
2.4257276207208633e-9
1.8348384648561476e-9
5.049346946179867e-10
1.2611259706318378e-9
1.7223065719008445e-9
2.1158164367079735e-9
2.675025537610054e-9
3.5537745803594587e-9
4.9784522503614426e-9
7.139863818883896e-9
1.0003750026226044e-8
1.3186776638031006e-8
1.6040144860744475e-8
1.8386806547641753e-8
1.949210464954376e-8
2.0041199028491973e-8
2.3218847811222077e-8
2.8272292017936704e-8
3.24659526348114e-8
3.595798313617706e-8
3.790484964847565e-8
3.8468191027641294e-8
3.696005940437317e-8
3.4057942032814024e-8
3.0359336733818056e-8
2.627730667591095e-8
2.2641055285930634e-8
1.996827721595764e-8
1.802917271852493e-8
1.6169828176498412e-8
1.4387451112270354e-8
1.2852989137172699e-8
1.174192577600479e-8
1.094880998134613e-8
1.0608991235494613e-8
1.074022427201271e-8
1.1274601519107818e-8
1.2212948501110076e-8
1.4023029804229736e-8
1.7092931270599363e-8
2.1120376884937285e-8
2.827070653438568e-8
4.421604871749878e-8
5.872594118118286e-8
6.181738972663879e-8
6.335096359252929e-8
6.563587188720703e-8
7.026891112327576e-8
7.277964353561401e-8
7.338085770606995e-8
7.541111707687377e-8
7.269052267074584e-8
6.654788255691529e-8
6.227591633796692e-8
5.102124810218811e-8
3.920878767967224e-8
3.033576309680939e-8
2.352413088083267e-8
1.822638511657715e-8
1.3768374919891356e-8
1.0659911483526229e-8
8.5883267223835e-9
7.500972598791122e-9
7.585141807794571e-9
8.506441116333007e-9
9.562426805496215e-9
1.0609938204288482e-8
1.2263179570436477e-8
1.4869174361228943e-8
1.836743801832199e-8
2.2470934689044953e-8
2.7249786257743835e-8
3.150948286056518e-8
3.42884361743927e-8
3.8481971621513364e-8
4.4761326909065244e-8
5.298269987106323e-8
6.557020545005799e-8
7.612462043762207e-8
7.850378155708313e-8
7.893252372741699e-8
7.567285299301148e-8
6.999282836914062e-8
6.272717118263244e-8
5.5153894424438474e-8
4.9834290146827697e-8
4.585137069225311e-8
4.166592061519622e-8
3.786301612854004e-8
3.4289628267288207e-8
3.083404302597046e-8
2.7521264553070067e-8
2.4377471208572386e-8
2.1364325284957884e-8
1.947711706161499e-8
1.5067458152770997e-8
1.0521762073040008e-8
8.069723844528198e-9
6.345804780721664e-9
4.841377958655357e-9
3.562302142381668e-9
2.669612132012844e-9
2.022523619234562e-9
5.220885388553142e-10
1.3034968636929989e-9
1.7697490751743315e-9
2.1573521196842194e-9
2.7073847129940984e-9
3.5860504955053328e-9
5.020736530423164e-9
7.184768468141556e-9
1.002194434404373e-8
1.3129554688930511e-8
1.6008439660072326e-8
1.853998601436615e-8
1.9692926108837125e-8
1.998128443956375e-8
2.2852209210395813e-8
2.772691249847412e-8
3.179839551448822e-8
3.52290391921997e-8
3.73465895652771e-8
3.8144275546073915e-8
3.682489991188049e-8
3.4217596054077144e-8
3.076633810997009e-8
2.6682648062705993e-8
2.292196750640869e-8
2.015542685985565e-8
1.8112048506736755e-8
1.6087803244590757e-8
1.4143860340118408e-8
1.253172755241394e-8
1.14144429564476e-8
1.064547300338745e-8
1.0320471227169037e-8
1.0447243601083755e-8
1.0922905057668686e-8
1.1741569638252258e-8
1.3430824875831604e-8
1.6452063620090484e-8
2.047407180070877e-8
2.75023877620697e-8
4.3257936835288996e-8
5.769977569580078e-8
6.059417128562927e-8
6.206890940666199e-8
6.444165706634521e-8
6.9587504863739e-8
7.244845628738403e-8
7.322493195533751e-8
7.536875009536742e-8
7.295315265655517e-8
6.753743886947632e-8
6.405860781669617e-8
5.294261574745178e-8
4.1085705161094665e-8
3.187451064586639e-8
2.4422281980514526e-8
1.8643759191036225e-8
1.4130525290966033e-8
1.1175275593996048e-8
9.141122549772261e-9
7.912687957286834e-9
7.861042022705077e-9
8.658982813358306e-9
9.57643836736679e-9
1.0527215898036956e-8
1.2127098441123962e-8
1.4689278602600096e-8
1.8138566613197325e-8
2.215433120727539e-8
2.672918140888214e-8
3.081133365631103e-8
3.3716940879821775e-8
3.829405605792999e-8
4.5001572370529174e-8
5.3283643722534176e-8
6.517019867897033e-8
7.472074031829834e-8
7.699365019798279e-8
7.758020162582397e-8
7.48026669025421e-8
6.9497549533844e-8
6.262691020965576e-8
5.5167526006698604e-8
4.9845942854881286e-8
4.5941439270973204e-8
4.186311066150665e-8
3.808182775974273e-8
3.45488965511322e-8
3.1229588389396666e-8
2.812015414237976e-8
2.5199607014656067e-8
2.244083732366562e-8
2.0691445469856262e-8
1.595868617296219e-8
1.0981205850839614e-8
8.521191030740737e-9
6.895404309034347e-9
5.292681232094765e-9
3.8826838135719296e-9
2.923713997006416e-9
2.228560298681259e-9
5.397322122007608e-10
1.3428818434476852e-9
1.8127720803022385e-9
2.1945627406239507e-9
2.7400681748986243e-9
3.619696199893951e-9
5.058535933494567e-9
7.21881166100502e-9
1.0026766359806061e-8
1.310734450817108e-8
1.6026630997657775e-8
1.86488538980484e-8
1.9789373874664306e-8
1.99004128575325e-8
2.2541603446006773e-8
2.7216529846191404e-8
3.1169661879539486e-8
3.4573537111282345e-8
3.680903315544128e-8
3.780315816402435e-8
3.67080420255661e-8
3.4353253245353696e-8
3.109369277954101e-8
2.704307734966278e-8
2.3205217719078064e-8
2.0336468517780303e-8
1.8174965679645537e-8
1.6008491814136505e-8
1.393662393093109e-8
1.2250106781721115e-8
1.1111936718225479e-8
1.0352376848459243e-8
1.0037500411272048e-8
1.0153214633464813e-8
1.0582952946424484e-8
1.1318472772836685e-8
1.2903504073619842e-8
1.5836091339588164e-8
1.9816312193870543e-8
2.6767250895500183e-8
4.2289689183235164e-8
5.658724308013916e-8
5.9413152933120723e-8
6.086854934692383e-8
6.333349943161011e-8
6.883052587509155e-8
7.199960350990295e-8
7.3011314868927e-8
7.535094022750854e-8
7.327419519424438e-8
6.845737099647522e-8
6.569119095802307e-8
5.4787278175354e-8
4.286445081233978e-8
3.334727883338928e-8
2.540255784988403e-8
1.9215808808803558e-8
1.455288529396057e-8
1.1641577631235123e-8
9.640368819236754e-9
8.335425704717636e-9
8.15596953034401e-9
8.823882043361664e-9
9.616171568632125e-9
1.0467980057001114e-8
1.2002953141927719e-8
1.4514240622520446e-8
1.790292412042618e-8
2.1819019317626954e-8
2.6240992546081543e-8
3.0215883255004883e-8
3.3220881223678586e-8
3.807445764541626e-8
4.507789015769958e-8
5.3365051746368403e-8
6.47424817085266e-8
7.354729175567626e-8
7.566381096839904e-8
7.630511522293091e-8
7.391236424446106e-8
6.89575970172882e-8
6.24284029006958e-8
5.5125331878662106e-8
4.986365139484405e-8
4.6026930212974546e-8
4.202564656734466e-8
3.829485476016998e-8
3.481877446174622e-8
3.161358535289764e-8
2.8682971000671386e-8
2.5985962152481078e-8
2.344452440738678e-8
2.1847589313983916e-8
1.6871847212314606e-8
1.157005950808525e-8
9.005072712898254e-9
7.404084503650665e-9
5.76433390378952e-9
4.2423181235790254e-9
3.199772909283638e-9
2.450748533010483e-9
5.56560093536973e-10
1.3774101622402667e-9
1.846947893500328e-9
2.2269457578659056e-9
2.769612893462181e-9
3.6452997475862503e-9
5.076527595520019e-9
7.216823101043701e-9
9.998993575572966e-9
1.3054680824279785e-8
1.59104585647583e-8
1.8685868382453918e-8
1.9993624091148375e-8
1.99111208319664e-8
2.2299107909202576e-8
2.669309675693512e-8
3.054452538490295e-8
3.39884877204895e-8
3.635607063770294e-8
3.752487897872925e-8
3.667686879634857e-8
3.449529111385345e-8
3.1306231021881104e-8
2.7294439077377317e-8
2.3482066392898558e-8
2.0533837378025055e-8
1.8183112144470215e-8
1.589735150337219e-8
1.3746678829193115e-8
1.1990663409233092e-8
1.0819552838802338e-8
1.0063528269529342e-8
9.749450534582138e-9
9.85407382249832e-9
1.0257649421691894e-8
1.0976431518793105e-8
1.25021293759346e-8
1.5306796133518218e-8
1.9252669811248777e-8
2.6218441128730772e-8
4.1303732991218566e-8
5.5205869674682613e-8
5.821121335029602e-8
5.974833965301514e-8
6.237894892692565e-8
6.812114119529724e-8
7.153204083442688e-8
7.283598780632019e-8
7.540916800498962e-8
7.355498671531677e-8
6.913850307464599e-8
6.69174075126648e-8
5.632705092430115e-8
4.454631507396698e-8
3.478959798812866e-8
2.6483461260795592e-8
2.000437080860138e-8
1.508661210536957e-8
1.2086174637079239e-8
1.012231633067131e-8
8.807532489299774e-9
8.498816192150115e-9
8.98127108812332e-9
9.643562883138656e-9
1.0428553074598312e-8
1.1900050938129425e-8
1.4353585243225096e-8
1.7662996053695678e-8
2.149447202682495e-8
2.583407461643219e-8
2.9761332273483276e-8
3.28466922044754e-8
3.782583177089691e-8
4.501802325248718e-8
5.3325164318084716e-8
6.427695155143737e-8
7.253869175910949e-8
7.449349761009216e-8
7.508285641670227e-8
7.29720652103424e-8
6.83316171169281e-8
6.212182641029357e-8
5.502824783325195e-8
4.9886047840118405e-8
4.612467288970947e-8
4.216012954711914e-8
3.847027122974395e-8
3.509962856769561e-8
3.20158988237381e-8
2.924481928348541e-8
2.672707736492157e-8
2.4507735669612882e-8
2.2851936519145965e-8
1.7676010727882383e-8
1.2248636037111282e-8
9.555242210626602e-9
7.912438362836837e-9
6.236394494771957e-9
4.631418362259864e-9
3.500642627477646e-9
2.6888664811849595e-9
5.688946694135666e-10
1.392645388841629e-9
1.8454285338521003e-9
2.2381240501999856e-9
2.7780115604400633e-9
3.618934005498886e-9
4.983391985297203e-9
7.023649662733078e-9
9.728979319334029e-9
1.2639079988002776e-8
1.4849558472633362e-8
1.8338418006896972e-8
2.1276964247226713e-8
2.0646585524082184e-8
2.237727344036102e-8
2.59019136428833e-8
2.9694595932960508e-8
3.356788158416748e-8
3.632543385028839e-8
3.767935037612915e-8
3.7234312295913694e-8
3.482851088047028e-8
3.106925189495087e-8
2.7052333950996398e-8
2.3776710033416745e-8
2.08663672208786e-8
1.788710802793503e-8
1.5537649393081664e-8
1.3511230051517487e-8
1.16921067237854e-8
1.0456727445125579e-8
9.725551307201385e-9
9.397520869970322e-9
9.50004979968071e-9
9.955389052629471e-9
1.097360998392105e-8
1.2656882405281066e-8
1.516698747873306e-8
1.927625685930252e-8
2.6814597845077515e-8
4.021918177604675e-8
5.238531827926636e-8
5.665928125381469e-8
5.884580612182617e-8
6.209957003593444e-8
6.801977157592773e-8
7.145234942436218e-8
7.325478792190551e-8
7.597116231918334e-8
7.339696288108825e-8
6.84821844100952e-8
6.603879928588867e-8
5.6291979551315305e-8
4.598103463649749e-8
3.623764812946319e-8
2.7949187159538266e-8
2.169903516769409e-8
1.605401486158371e-8
1.2485186010599135e-8
1.068647801876068e-8
9.701781719923019e-9
9.08508449792862e-9
8.996914327144622e-9
9.475384652614594e-9
1.0392291098833083e-8
1.185992956161499e-8
1.4263094961643219e-8
1.743071526288986e-8
2.125997841358185e-8
2.5796973705291748e-8
2.984141707420349e-8
3.297480940818786e-8
3.7559148669242856e-8
4.478865563869476e-8
5.33602774143219e-8
6.371142268180847e-8
7.170251607894897e-8
7.355961203575134e-8
7.373007535934448e-8
7.17089593410492e-8
6.735038161277771e-8
6.152250170707702e-8
5.48520565032959e-8
5.001544952392578e-8
4.635638892650604e-8
4.222530424594879e-8
3.8462144136428834e-8
3.5449349880218504e-8
3.259980976581573e-8
2.996003627777099e-8
2.7470129728317258e-8
2.6310905814170838e-8
2.3046398162841797e-8
1.758672147989273e-8
1.3132914900779724e-8
1.0277672111988066e-8
8.407950401306152e-9
6.688594818115234e-9
5.050256848335266e-9
3.809457644820213e-9
2.930689603090286e-9
5.784198176115751e-10
1.401046384125948e-9
1.8536724150180815e-9
2.2443298250436782e-9
2.7735795825719833e-9
3.581789880990982e-9
4.885990917682648e-9
6.847015768289566e-9
9.4472236931324e-9
1.2126927822828292e-8
1.4249770343303679e-8
1.8150997161865234e-8
2.1876527369022367e-8
2.1294042468070984e-8
2.243092358112335e-8
2.5399869680404663e-8
2.9029318690299986e-8
3.31304132938385e-8
3.621760308742523e-8
3.7852033972740175e-8
3.760400414466858e-8
3.505359292030334e-8
3.100305199623108e-8
2.6986786723136902e-8
2.391948401927948e-8
2.098276913166046e-8
1.7758791148662567e-8
1.525220274925232e-8
1.3231128454208374e-8
1.1412655562162398e-8
1.0143973678350448e-8
9.396921843290328e-9
9.07081812620163e-9
9.172972291707992e-9
9.68787595629692e-9
1.084657832980156e-8
1.2673091888427733e-8
1.5191903710365293e-8
1.931518614292145e-8
2.6819205284118653e-8
3.934796154499054e-8
5.036244988441467e-8
5.5092948675155635e-8
5.778207182884216e-8
6.162799596786499e-8
6.782708168029785e-8
7.141410708427428e-8
7.355321645736694e-8
7.633535861968994e-8
7.328001856803893e-8
6.801609992980957e-8
6.544728279113769e-8
5.6322336196899414e-8
4.693768620491028e-8
3.7605440616607666e-8
2.9410275816917417e-8
2.3143571615219115e-8
1.7135907709598542e-8
1.3140447437763213e-8
1.127471849322319e-8
1.0406229645013808e-8
9.649355709552765e-9
9.183966368436813e-9
9.421465545892715e-9
1.0311230272054672e-8
1.1805003136396408e-8
1.4157398045063018e-8
1.7254519462585448e-8
2.108055055141449e-8
2.5719913840293884e-8
2.987682521343231e-8
3.299354016780853e-8
3.741179406642914e-8
4.460983872413635e-8
5.3212833404541014e-8
6.317867636680603e-8
7.092764973640442e-8
7.261193990707397e-8
7.249072790145873e-8
7.054182291030884e-8
6.640220880508422e-8
6.091331839561463e-8
5.4608327150344844e-8
5.00442087650299e-8
4.650186896324157e-8
4.232679009437561e-8
3.855692446231842e-8
3.5730943083763124e-8
3.3111575245857235e-8
3.0645164847373964e-8
2.8394049406051635e-8
2.7404338121414183e-8
2.3737041652202604e-8
1.786612719297409e-8
1.362183690071106e-8
1.0994503647089004e-8
8.998046815395355e-9
7.173628360033035e-9
5.4639980196952816e-9
4.150206223130226e-9
3.1933765858411786e-9
5.851196590811014e-10
1.4104459434747696e-9
1.860780268907547e-9
2.2462906315922737e-9
2.7599962428212163e-9
3.536286577582359e-9
4.788390919566154e-9
6.672550737857819e-9
9.145493060350418e-9
1.1684449762105941e-8
1.3826173543930053e-8
1.8014734983444213e-8
2.2232775390148162e-8
2.1716614067554472e-8
2.2502291202545164e-8
2.5056982040405273e-8
2.8512737154960632e-8
3.272428214550018e-8
3.607630133628845e-8
3.797382116317749e-8
3.786502182483673e-8
3.523122668266296e-8
3.102429211139679e-8
2.6990190148353575e-8
2.3991024494171142e-8
2.1024318039417266e-8
1.7656394839286804e-8
1.5027801692485807e-8
1.2962181866168975e-8
1.1139848828315735e-8
9.858139604330062e-9
9.094904363155364e-9
8.76212567090988e-9
8.870813995599746e-9
9.423917531967163e-9
1.0673986375331878e-8
1.2615883350372314e-8
1.5206694602966306e-8
1.9318377971649168e-8
2.6642361283302306e-8
3.855265974998474e-8
4.8788848519325256e-8
5.3623217344284055e-8
5.6670522689819336e-8
6.101197004318238e-8
6.753411889076233e-8
7.1352219581604e-8
7.374927401542664e-8
7.657155394554138e-8
7.319243550300598e-8
6.768666505813598e-8
6.505177617073058e-8
5.638685226440429e-8
4.767124652862548e-8
3.8800546526908874e-8
3.078523278236389e-8
2.4511611461639405e-8
1.822860538959503e-8
1.3929603993892668e-8
1.1927446722984313e-8
1.105378344655037e-8
1.018059030175209e-8
9.450387209653854e-9
9.45659726858139e-9
1.0252686589956284e-8
1.1728940904140472e-8
1.4053158462047576e-8
1.7106691002845762e-8
2.0931030809879303e-8
2.5632473826408386e-8
2.9863077402114865e-8
3.29717606306076e-8
3.730444312095642e-8
4.444359540939331e-8
5.2981215715408324e-8
6.266289353370666e-8
7.018061280250549e-8
7.167725563049316e-8
7.134608030319213e-8
6.944942474365234e-8
6.548969745635986e-8
6.029700636863709e-8
5.431060791015625e-8
4.9993929266929627e-8
4.658481478691101e-8
4.2434272170066834e-8
3.8693830370903016e-8
3.599729835987091e-8
3.3573320508003234e-8
3.1310698390007014e-8
2.925347089767456e-8
2.8376552462577818e-8
2.4487781524658203e-8
1.8341434001922607e-8
1.4089024066925048e-8
1.1596732586622238e-8
9.627017378807067e-9
7.701794058084488e-9
5.8994989842176436e-9
4.507782682776451e-9
3.4803461283445355e-9
5.905233323574066e-10
1.4186516404151916e-9
1.8659375607967376e-9
2.243038825690746e-9
2.7394380420446393e-9
3.485453873872757e-9
4.6889279037714e-9
6.494253128767013e-9
8.856235444545746e-9
1.1305640637874603e-8
1.3498073816299438e-8
1.78981214761734e-8
2.2445081174373627e-8
2.1990828216075898e-8
2.255713641643524e-8
2.4814076721668244e-8
2.8108799457550048e-8
3.2366707921028135e-8
3.5919976234436034e-8
3.804118633270263e-8
3.805263638496399e-8
3.5382905602455135e-8
3.108589947223663e-8
2.7021971344947814e-8
2.403191030025482e-8
2.1026426553726196e-8
1.7560625076293945e-8
1.4836132526397705e-8
1.271761804819107e-8
1.0880323499441146e-8
9.590603411197662e-9
8.816038072109222e-9
8.474938571453094e-9
8.585556596517562e-9
9.165014326572417e-9
1.0476160794496536e-8
1.25106543302536e-8
1.5176041424274445e-8
1.927196532487869e-8
2.6398605108261108e-8
3.7813660502433773e-8
4.74836379289627e-8
5.227483510971069e-8
5.556653141975402e-8
6.030083298683166e-8
6.714796423912049e-8
7.123333811759948e-8
7.385339140892029e-8
7.671776413917542e-8
7.312459945678711e-8
6.745539307594299e-8
6.479403972625733e-8
5.647799968719482e-8
4.8278701305389403e-8
3.984101414680481e-8
3.204986751079559e-8
2.5818318128585814e-8
1.932583898305893e-8
1.4782570302486418e-8
1.2641392648220062e-8
1.1701327562332152e-8
1.0701735317707062e-8
9.755581617355347e-9
9.556428343057632e-9
1.0229704529047011e-8
1.1655497550964355e-8
1.3949818909168243e-8
1.6976384818553925e-8
2.079951614141464e-8
2.553926408290863e-8
2.981761395931244e-8
3.2926508784294126e-8
3.720616698265075e-8
4.427531063556671e-8
5.270817875862121e-8
6.215558648109436e-8
6.945034861564636e-8
7.076780200004578e-8
7.027899622917175e-8
6.841888427734375e-8
6.461196541786194e-8
5.967669486999511e-8
5.3970777988433834e-8
4.988137185573578e-8
4.661676287651062e-8
4.253149926662445e-8
3.884541690349579e-8
3.625905513763427e-8
3.400455415248871e-8
3.1937789916992184e-8
3.00555944442749e-8
2.9291814565658567e-8
2.527044415473938e-8
1.890061944723129e-8
1.4585378766059874e-8
1.2162545323371887e-8
1.024041697382927e-8
8.26549306511879e-9
6.363293528556824e-9
4.887241125106811e-9
3.7895906716585156e-9
5.950395483523607e-10
1.4249073341488837e-9
1.864005625247955e-9
2.2222068160772322e-9
2.699955925345421e-9
3.441528230905533e-9
4.614565148949623e-9
6.325510144233703e-9
8.535723388195038e-9
1.0842111706733703e-8
1.3626594841480254e-8
1.8568305671215055e-8
2.2032278776168822e-8
2.1790002286434173e-8
2.2675850987434385e-8
2.4858862161636353e-8
2.8190669417381286e-8
3.244054913520813e-8
3.584626317024231e-8
3.807070255279541e-8
3.792071640491486e-8
3.512488305568695e-8
3.1148725748062135e-8
2.733896970748901e-8
2.3920293152332304e-8
2.062825709581375e-8
1.730099469423294e-8
1.4535295963287353e-8
1.2468884885311126e-8
1.0774601250886916e-8
9.41755548119545e-9
8.564972877502442e-9
8.247171342372894e-9
8.375100791454316e-9
9.055344760417938e-9
1.0390037298202514e-8
1.2334915995597838e-8
1.5221408009529113e-8
1.9795066118240354e-8
2.6792049407958985e-8
3.689661920070648e-8
4.583174884319305e-8
5.1096236705780025e-8
5.478214025497436e-8
5.9530067443847656e-8
6.639642119407653e-8
7.06316351890564e-8
7.325662374496459e-8
7.601016163825988e-8
7.258943319320678e-8
6.727047562599182e-8
6.448421478271484e-8
5.649630427360534e-8
4.8460134863853455e-8
4.058614075183868e-8
3.343554735183716e-8
2.7137649059295653e-8
2.073112577199936e-8
1.6131073236465454e-8
1.3653881847858428e-8
1.2322865426540374e-8
1.1187992244958877e-8
1.0192863643169403e-8
9.807145595550537e-9
1.0211514681577682e-8
1.1494296789169311e-8
1.3743339478969573e-8
1.6732245683670043e-8
2.0439782738685608e-8
2.5169125199317932e-8
2.971123456954956e-8
3.290320336818695e-8
3.7049433588981626e-8
4.380630850791931e-8
5.2212536334991456e-8
6.179050207138061e-8
6.930071711540222e-8
7.0725679397583e-8
6.962751746177673e-8
6.702984571456908e-8
6.32236361503601e-8
5.877683758735656e-8
5.403327345848083e-8
5.0361704826354977e-8
4.715177714824676e-8
4.2981716990470886e-8
3.907316327095031e-8
3.6525407433509826e-8
3.450029194355011e-8
3.243189752101898e-8
3.135408759117126e-8
2.9937705397605896e-8
2.5089985132217406e-8
1.934666037559509e-8
1.514715403318405e-8
1.2706196308135986e-8
1.077950969338417e-8
8.804482966661452e-9
6.809955835342407e-9
5.24911917746067e-9
4.1051834821701045e-9
5.986627656966448e-10
1.4273669570684433e-9
1.8535098060965536e-9
2.192261628806591e-9
2.6581540703773496e-9
3.39801050722599e-9
4.541178047657013e-9
6.1567272990942e-9
8.213582634925841e-9
1.0516492277383804e-8
1.3917961716651915e-8
1.9217035174369813e-8
2.1682944893836975e-8
2.1419662237167356e-8
2.2732126712799072e-8
2.5060218572616577e-8
2.8501299023628233e-8
3.270657360553741e-8
3.5879737138748166e-8
3.8034039735794067e-8
3.7638500332832335e-8
3.477029204368591e-8
3.1188896298408505e-8
2.7607855200767516e-8
2.373768240213394e-8
2.0138196647167206e-8
1.6906532645225525e-8
1.4198562502861022e-8
1.2234757840633392e-8
1.0688380897045136e-8
9.301086515188217e-9
8.366948366165161e-9
8.049779385328293e-9
8.220364153385162e-9
8.992434293031691e-9
1.0348545014858246e-8
1.2231920659542083e-8
1.535077095031738e-8
2.0455184578895568e-8
2.7292609214782713e-8
3.6107048392295834e-8
4.4248649477958675e-8
4.9972498416900636e-8
5.405557751655578e-8
5.872690081596374e-8
6.547862887382508e-8
6.974072456359863e-8
7.226943969726563e-8
7.488904595375061e-8
7.178614735603333e-8
6.69845461845398e-8
6.413095593452453e-8
5.642755031585693e-8
4.8471593856811524e-8
4.111514687538147e-8
3.466685712337494e-8
2.8508245944976805e-8
2.223643660545349e-8
1.7701099812984465e-8
1.4904910326004027e-8
1.3086451590061187e-8
1.1713066697120666e-8
1.0674218088388442e-8
1.0133107006549834e-8
1.0251837223768233e-8
1.1328686773777008e-8
1.3485339283943176e-8
1.640629917383194e-8
1.9987335801124572e-8
2.4695725739002226e-8
2.9496586322784423e-8
3.282250463962555e-8
3.68358314037323e-8
4.3261900544166565e-8
5.165894031524658e-8
6.15018367767334e-8
6.940142512321471e-8
7.100951075553893e-8
6.916182041168213e-8
6.562963724136353e-8
6.172547936439514e-8
5.779567956924438e-8
5.414934158325195e-8
5.105322003364563e-8
4.794235527515411e-8
4.36313658952713e-8
3.942700624465942e-8
3.6845827102661133e-8
3.4993758797645564e-8
3.303295969963074e-8
3.258412480354309e-8
3.041151762008667e-8
2.477855235338211e-8
1.9525524973869324e-8
1.5671049058437347e-8
1.3245484232902526e-8
1.1298377066850662e-8
9.31459441781044e-9
7.249045372009277e-9
5.612272024154663e-9
4.424375295639038e-9
6.010227836668491e-10
1.424947753548622e-9
1.8380722030997275e-9
2.1641971543431283e-9
2.6215560734272002e-9
3.347593173384666e-9
4.451452568173409e-9
5.9844445437192915e-9
7.958104461431502e-9
1.0362950712442397e-8
1.4065569639205933e-8
1.947137415409088e-8
2.1634326875209808e-8
2.1217894554138183e-8
2.2713182866573334e-8
2.5229102373123168e-8
2.8755024075508116e-8
3.291850984096527e-8
3.5949477553367613e-8
3.795972168445587e-8
3.741280436515808e-8
3.456189334392548e-8
3.118593394756317e-8
2.765677273273468e-8
2.3571406304836272e-8
1.9778086245059967e-8
1.6524261236190796e-8
1.3890762627124786e-8
1.2016456574201583e-8
1.0545000433921813e-8
9.178217500448227e-9
8.210303634405136e-9
7.871769368648528e-9
8.070828020572661e-9
8.892086148262024e-9
1.0284987837076187e-8
1.2210652977228164e-8
1.549537032842636e-8
2.0845891535282135e-8
2.7526301145553587e-8
3.557276129722595e-8
4.307406842708587e-8
4.8873111605644223e-8
5.31876802444458e-8
5.7890206575393674e-8
6.458452939987182e-8
6.883503198623657e-8
7.129790186882019e-8
7.385903596878051e-8
7.100511193275452e-8
6.65680170059204e-8
6.37905716896057e-8
5.631437301635742e-8
4.854514300823211e-8
4.157341420650482e-8
3.562607169151306e-8
2.980772256851196e-8
2.3646806180477142e-8
1.915716528892517e-8
1.6214261949062347e-8
1.4040428400039673e-8
1.2351401150226592e-8
1.1145420372486113e-8
1.0453835874795914e-8
1.0359797626733779e-8
1.1233087629079818e-8
1.3255202770233153e-8
1.6083717346191404e-8
1.958867311477661e-8
2.4287249147891997e-8
2.9210367798805236e-8
3.264530599117279e-8
3.659040331840515e-8
4.2830893397331235e-8
5.119701027870178e-8
6.121065020561218e-8
6.937914490699767e-8
7.104736566543578e-8
6.865748763084412e-8
6.449854373931885e-8
6.048884391784668e-8
5.69364607334137e-8
5.4055243730545044e-8
5.151981711387634e-8
4.8626607656478876e-8
4.425015747547149e-8
3.986966013908386e-8
3.723176419734955e-8
3.547821044921875e-8
3.370636105537415e-8
3.34415853023529e-8
3.093065917491913e-8
2.486773580312729e-8
1.965627670288086e-8
1.6065943241119385e-8
1.3770605623722076e-8
1.1837965250015258e-8
9.829268604516983e-9
7.703799009323119e-9
5.999702960252762e-9
4.756384342908859e-9
6.017445586621761e-10
1.4185397885739804e-9
1.8208416178822516e-9
2.1374978125095366e-9
2.5845989584922787e-9
3.2912131398916242e-9
4.3535627424716945e-9
5.82413524389267e-9
7.7681764960289e-9
1.0257468372583389e-8
1.4125014841556549e-8
1.960507482290268e-8
2.1636927127838134e-8
2.113102078437805e-8
2.2701528668403624e-8
2.5357139110565184e-8
2.8960496187210082e-8
3.309784233570099e-8
3.6016544699668886e-8
3.788869976997375e-8
3.724085986614227e-8
3.441527485847473e-8
3.113875389099121e-8
2.7612605690956116e-8
2.3397433757781982e-8
1.9475017488002776e-8
1.618823707103729e-8
1.3602039217948914e-8
1.1798187345266342e-8
1.0384617000818252e-8
9.043980389833449e-9
8.06981325149536e-9
7.71699771285057e-9
7.924366742372512e-9
8.777948468923568e-9
1.0213934630155563e-8
1.2207677215337752e-8
1.561852991580963e-8
2.1088013052940367e-8
2.7621290087699888e-8
3.5153418779373165e-8
4.215106964111328e-8
4.7852003574371336e-8
5.2271819114685057e-8
5.702214241027832e-8
6.368736624717712e-8
6.792248487472534e-8
7.03467071056366e-8
7.288795113563538e-8
7.023810148239136e-8
6.607746481895446e-8
6.343976259231568e-8
5.617583394050598e-8
4.8623031377792356e-8
4.197339415550232e-8
3.6430245637893675e-8
3.096296191215515e-8
2.496696263551712e-8
2.0542365312576294e-8
1.7534372210502622e-8
1.5108010172843934e-8
1.3105221092700958e-8
1.1660829931497573e-8
1.0787709802389145e-8
1.050599068403244e-8
1.1194158345460892e-8
1.3064663112163544e-8
1.5786156058311462e-8
1.9225168228149412e-8
2.3908822238445282e-8
2.8894606232643126e-8
3.240496218204498e-8
3.632349371910095e-8
4.245994687080383e-8
5.0797522068023677e-8
6.091718673706054e-8
6.925739049911499e-8
7.092198133468628e-8
6.813821196556091e-8
6.35514259338379e-8
5.944814682006836e-8
5.617185831069946e-8
5.3848612308502194e-8
5.181480646133423e-8
4.919282495975494e-8
4.483188688755035e-8
4.035205543041229e-8
3.766895234584808e-8
3.598308861255645e-8
3.434463441371918e-8
3.4168502688407896e-8
3.146176636219025e-8
2.511548101902008e-8
1.985211670398712e-8
1.639838218688965e-8
1.42529159784317e-8
1.2379801273345946e-8
1.0357425361871718e-8
8.173774182796478e-9
6.405483931303024e-9
5.104709044098854e-9
5.998840089887381e-10
1.4067068696022034e-9
1.7996497452259062e-9
2.111312188208103e-9
2.551370859146118e-9
3.2371591776609418e-9
4.262994974851608e-9
5.698364973068237e-9
7.623882591724395e-9
1.0215038061141968e-8
1.4376258850097655e-8
1.9720846414566038e-8
2.1386045217514036e-8
2.1023067831993104e-8
2.271726131439209e-8
2.5547346472740174e-8
2.9204732179641722e-8
3.328294456005096e-8
3.609837293624878e-8
3.7797218561172484e-8
3.708601593971252e-8
3.4307196736335754e-8
3.108392655849457e-8
2.7494364976882934e-8
2.3165689408779143e-8
1.9153212010860442e-8
1.5858884155750274e-8
1.3322912156581878e-8
1.1565177887678146e-8
1.0207106918096542e-8
8.921199291944503e-9
7.957606017589568e-9
7.60231763124466e-9
7.813704013824462e-9
8.667926490306854e-9
1.0131622850894927e-8
1.2192651629447936e-8
1.572204381227493e-8
2.1297279000282285e-8
2.7717527747154235e-8
3.4774821996688844e-8
4.129422605037689e-8
4.680117070674896e-8
5.1180702447891234e-8
5.6000775098800653e-8
6.266874074935913e-8
6.694673895835877e-8
6.944290995597839e-8
7.201183438301086e-8
6.956545114517211e-8
6.558462977409362e-8
6.317068934440612e-8
5.602083802223205e-8
4.8586905002593995e-8
4.2228683829307554e-8
3.711429238319397e-8
3.210035562515259e-8
2.624360620975494e-8
2.1945869922637938e-8
1.8877851963043213e-8
1.6192294657230375e-8
1.3925176858901977e-8
1.2239043414592742e-8
1.1182446777820587e-8
1.069541722536087e-8
1.1182022839784622e-8
1.2871862947940826e-8
1.546269208192825e-8
1.8852041661739347e-8
2.347152978181839e-8
2.840830683708191e-8
3.210919499397278e-8
3.614512383937836e-8
4.218984544277191e-8
5.04788339138031e-8
6.079574227333069e-8
6.927005648612976e-8
7.07199513912201e-8
6.753380298614502e-8
6.274428963661194e-8
5.8638846874237055e-8
5.555289983749389e-8
5.361978411674499e-8
5.203550457954406e-8
4.9601221084594725e-8
4.5189589262008666e-8
4.078208208084106e-8
3.818976581096649e-8
3.653836548328399e-8
3.508192896842956e-8
3.4882310032844543e-8
3.184788823127746e-8
2.5379729270935058e-8
2.0089596509933472e-8
1.6711406409740446e-8
1.4686167240142822e-8
1.2898395955562592e-8
1.0886275768280028e-8
8.647231757640838e-9
6.80965781211853e-9
5.4608579725027085e-9
5.90009056031704e-10
1.3738815672695636e-9
1.7580579966306686e-9
2.0896153524518012e-9
2.553747408092022e-9
3.2274965196847913e-9
4.23334389925003e-9
5.688144266605377e-9
7.562968879938125e-9
1.0547617822885514e-8
1.6291004419326782e-8
1.9791550934314728e-8
1.953708529472351e-8
2.0265857875347136e-8
2.2828735411167144e-8
2.631697058677673e-8
2.99476683139801e-8
3.368052244186401e-8
3.630557060241699e-8
3.749414682388305e-8
3.680602312088013e-8
3.4295955300331116e-8
3.1143695116043086e-8
2.7169224619865416e-8
2.258572280406952e-8
1.8504631519317625e-8
1.5349045395851135e-8
1.2983594834804535e-8
1.1230261623859405e-8
9.972280263900756e-9
8.905114978551865e-9
7.999471575021744e-9
7.671384513378142e-9
7.896500080823898e-9
8.623071759939193e-9
1.0014445334672927e-8
1.2125492095947266e-8
1.5901678800582884e-8
2.185818701982498e-8
2.8279101848602295e-8
3.4285533428192135e-8
3.991352915763855e-8
4.501931071281433e-8
4.896250963211059e-8
5.404616594314575e-8
6.087152957916259e-8
6.554024815559387e-8
6.872853636741637e-8
7.151574492454529e-8
6.947346925735473e-8
6.535244584083557e-8
6.355161666870117e-8
5.5858296155929565e-8
4.790889322757721e-8
4.1797533631324766e-8
3.75906229019165e-8
3.386761546134949e-8
2.7866458892822265e-8
2.3872169852256773e-8
2.0408470928668974e-8
1.698305457830429e-8
1.4595103263854979e-8
1.2858977913856505e-8
1.1817295849323272e-8
1.1002761870622634e-8
1.1107897013425826e-8
1.2432004511356353e-8
1.4782284200191496e-8
1.822657287120819e-8
2.2523532807826995e-8
2.690128982067108e-8
3.159360289573669e-8
3.66362065076828e-8
4.238249659538269e-8
5.052109360694885e-8
6.189647912979126e-8
7.066543698310852e-8
7.066373229026794e-8
6.64273202419281e-8
6.209628582000732e-8
5.85066556930542e-8
5.546283721923828e-8
5.365616083145141e-8
5.251972079277038e-8
4.9550160765647886e-8
4.435157775878906e-8
4.072879552841186e-8
3.9043730497360226e-8
3.73921662569046e-8
3.6700099706649776e-8
3.5833597183227536e-8
3.1254810094833375e-8
2.521821856498718e-8
2.0264065265655515e-8
1.697324067354202e-8
1.500529646873474e-8
1.3314414024353027e-8
1.1349478363990783e-8
9.041285514831543e-9
7.097086310386657e-9
5.760255828499794e-9
5.784003995358944e-10
1.3435088098049164e-9
1.7289103940129278e-9
2.0734217017889023e-9
2.545086108148098e-9
3.2149810343980786e-9
4.21750433743e-9
5.66289760172367e-9
7.643536478281021e-9
1.1174637079238891e-8
1.7167216539382935e-8
1.975906640291214e-8
1.8671894073486328e-8
1.9597741961479187e-8
2.284986525774002e-8
2.6855647563934326e-8
3.057202696800232e-8
3.410468697547913e-8
3.6436042189598084e-8
3.733609616756439e-8
3.6618238687515256e-8
3.4230005741119386e-8
3.103987872600555e-8
2.6840528845787048e-8
2.206105440855026e-8
1.7949362099170684e-8
1.4879725873470306e-8
1.2612445652484893e-8
1.093757152557373e-8
9.77337583899498e-9
8.828753232955933e-9
8.023501187562942e-9
7.730047404766083e-9
7.940232753753662e-9
8.61155018210411e-9
9.944279491901397e-9
1.2104935944080352e-8
1.6072446107864378e-8
2.2261786460876462e-8
2.8552934527397153e-8
3.38818222284317e-8
3.8759031891822815e-8
4.336908459663391e-8
4.700274467468261e-8
5.216574668884277e-8
5.909910798072815e-8
6.412182450294494e-8
6.785997152328491e-8
7.092847824096679e-8
6.927000880241394e-8
6.517117023468017e-8
6.369551420211792e-8
5.57228147983551e-8
4.748944938182831e-8
4.1503351926803586e-8
3.7882703542709346e-8
3.506151735782623e-8
2.9495349526405333e-8
2.5600987672805785e-8
2.1994085609912872e-8
1.8077751994132995e-8
1.5326572954654692e-8
1.3509245216846465e-8
1.2381976842880248e-8
1.1363041400909423e-8
1.1128756403923035e-8
1.2122444063425063e-8
1.4233389496803284e-8
1.752520501613617e-8
2.1625497937202453e-8
2.5830665230751035e-8
3.090073764324188e-8
3.6642542481422424e-8
4.258789718151092e-8
5.0812494754791255e-8
6.276463866233825e-8
7.165120244026184e-8
7.071110606193542e-8
6.575754880905151e-8
6.155033707618713e-8
5.825582146644592e-8
5.536457300186157e-8
5.3713625669479367e-8
5.275468230247497e-8
4.947528541088104e-8
4.394902884960174e-8
4.0688785910606385e-8
3.962040841579437e-8
3.834584653377533e-8
3.791234493255615e-8
3.6599791049957275e-8
3.1249117851257324e-8
2.5076735019683836e-8
2.0359601080417632e-8
1.7208658158779144e-8
1.533069312572479e-8
1.3720399141311644e-8
1.179099753499031e-8
9.432552754878997e-9
7.426107674837112e-9
6.05318546295166e-9
5.663771647959948e-10
1.3183249160647392e-9
1.7062194645404814e-9
2.057764120399952e-9
2.533385157585144e-9
3.2031312584877014e-9
4.2018812149763105e-9
5.677259713411331e-9
7.84531608223915e-9
1.1664851009845733e-8
1.770850419998169e-8
1.9719456136226654e-8
1.817009299993515e-8
1.9152161478996275e-8
2.2819507122039793e-8
2.724500298500061e-8
3.109087347984314e-8
3.4490227699279785e-8
3.656718730926513e-8
3.725410997867584e-8
3.6481374502182006e-8
3.4114906191825865e-8
3.0856907367706296e-8
2.6493534445762632e-8
2.1586452424526214e-8
1.7454050481319426e-8
1.4440257847309111e-8
1.2253863364458083e-8
1.0661251842975616e-8
9.584486484527588e-9
8.738023787736893e-9
8.017930388450622e-9
7.768764346837996e-9
7.97438770532608e-9
8.608396351337432e-9
9.91307497024536e-9
1.2114711105823515e-8
1.6219206154346467e-8
2.253515124320984e-8
2.8677085041999814e-8
3.3494210243225097e-8
3.775021433830261e-8
4.1874116659164427e-8
4.524300098419189e-8
5.0377386808395386e-8
5.7371503114700314e-8
6.269140839576721e-8
6.68779969215393e-8
7.02562928199768e-8
6.896199584007263e-8
6.497660279273987e-8
6.370366811752319e-8
5.559746026992798e-8
4.7214046120643614e-8
4.13059800863266e-8
3.8081046938896175e-8
3.59477698802948e-8
3.087574243545532e-8
2.724928855895996e-8
2.3574304580688477e-8
1.931127905845642e-8
1.6208471357822418e-8
1.4187920093536376e-8
1.2949953973293305e-8
1.1734799295663833e-8
1.122903749346733e-8
1.1922095715999602e-8
1.3776683807373046e-8
1.686389297246933e-8
2.0791204273700714e-8
2.4926988780498504e-8
3.019681274890899e-8
3.6405873298645015e-8
4.2696902155876155e-8
5.115193128585815e-8
6.348482370376587e-8
7.240630388259888e-8
7.082130908966064e-8
6.534732580184936e-8
6.110817193984986e-8
5.79767107963562e-8
5.524576902389526e-8
5.3739231824874876e-8
5.2863711118698115e-8
4.9413636326789855e-8
4.375108480453491e-8
4.0705657005310057e-8
4.0087896585464476e-8
3.9198428392410276e-8
3.8924676179885865e-8
3.731553256511688e-8
3.145305216312408e-8
2.5070667266845703e-8
2.0428758859634398e-8
1.7415156960487363e-8
1.564595103263855e-8
1.4117737114429473e-8
1.2220676243305206e-8
9.829270094633102e-9
7.767785340547561e-9
6.353336572647095e-9
5.551517475396395e-10
1.297187525779009e-9
1.6868779435753821e-9
2.042722143232822e-9
2.5211498141288757e-9
3.190988302230835e-9
4.198859632015228e-9
5.740014091134071e-9
8.062086254358292e-9
1.2052255868911743e-8
1.807544082403183e-8
1.969982534646988e-8
1.7859144508838653e-8
1.886124163866043e-8
2.2791841626167295e-8
2.7536070346832273e-8
3.151630461215973e-8
3.483065962791443e-8
3.670579195022583e-8
3.721771240234375e-8
3.636773824691772e-8
3.396718204021454e-8
3.0626460909843445e-8
2.613852024078369e-8
2.1146266162395478e-8
1.700250804424286e-8
1.4031387865543364e-8
1.1913446336984634e-8
1.0397599637508392e-8
9.400474280118941e-9
8.637748658657073e-9
7.991987466812133e-9
7.787331193685532e-9
7.999663054943084e-9
8.613596856594085e-9
9.905361384153366e-9
1.2142721563577652e-8
1.633785367012024e-8
2.271417826414108e-8
2.8703284263610838e-8
3.3105787634849547e-8
3.6843061447143555e-8
4.052388966083527e-8
4.3646484613418575e-8
4.8690006136894226e-8
5.569919347763061e-8
6.125609874725342e-8
6.581321358680725e-8
6.950520277023315e-8
6.855760216712951e-8
6.473947167396545e-8
6.362273693084717e-8
5.547128915786743e-8
4.701915085315704e-8
4.117434620857239e-8
3.823228776454925e-8
3.6634340882301326e-8
3.202939927577972e-8
2.8757861256599424e-8
2.513795495033264e-8
2.061699777841568e-8
1.7205171287059783e-8
1.4942316710948942e-8
1.3537806272506713e-8
1.2130647897720336e-8
1.1383922398090362e-8
1.1810484528541564e-8
1.340779960155487e-8
1.627078205347061e-8
2.002796232700348e-8
2.411191016435623e-8
2.9506871104240417e-8
3.604771494865417e-8
4.269965887069702e-8
5.144850015640259e-8
6.408520340919495e-8
7.301855683326721e-8
7.097092866897583e-8
6.509870290756225e-8
6.075916290283202e-8
5.770801901817322e-8
5.510978698730469e-8
5.372530817985534e-8
5.2903866767883296e-8
4.936915040016174e-8
4.3660968542098995e-8
4.0774226188659666e-8
4.0500044822692866e-8
3.994081020355225e-8
3.980734348297119e-8
3.800431489944458e-8
3.176356554031372e-8
2.5165981054306028e-8
2.0520228147506712e-8
1.7602917551994324e-8
1.5945878624916077e-8
1.4504562318325043e-8
1.2644705176353454e-8
1.0228026658296585e-8
8.118002116680144e-9
6.662216782569885e-9
5.338332615792751e-10
1.2614784762263298e-9
1.6682470217347144e-9
2.037369646131992e-9
2.5063881650567054e-9
3.1633205711841583e-9
4.178863018751145e-9
5.778095126152038e-9
8.262510597705841e-9
1.289968192577362e-8
1.8267209827899933e-8
1.9156131148338317e-8
1.7947600781917572e-8
1.880412995815277e-8
2.299157381057739e-8
2.8174388408660888e-8
3.203642666339874e-8
3.49330872297287e-8
3.6605241894721984e-8
3.721736669540405e-8
3.624936044216156e-8
3.380136787891388e-8
3.015044927597046e-8
2.5412383675575257e-8
2.0657527446746826e-8
1.6659379005432127e-8
1.3740241527557372e-8
1.1690975725650787e-8
1.0219071805477142e-8
9.23389196395874e-9
8.508747071027755e-9
7.979699969291687e-9
7.840479165315627e-9
8.078912645578384e-9
8.64812210202217e-9
9.889164566993713e-9
1.2222570180892943e-8
1.6362057626247407e-8
2.241319715976715e-8
2.8351947665214537e-8
3.2642081379890443e-8
3.6060693860054013e-8
3.943946957588196e-8
4.23304796218872e-8
4.7354409098625184e-8
5.4811489582061765e-8
6.031272411346435e-8
6.452726721763611e-8
6.813541054725647e-8
6.769978404045105e-8
6.4520263671875e-8
6.290643215179443e-8
5.5039352178573604e-8
4.716741144657135e-8
4.110473990440368e-8
3.858693838119507e-8
3.7766095995903014e-8
3.290069699287414e-8
2.959129810333252e-8
2.6595455408096312e-8
2.2067289054393767e-8
1.8167921900749205e-8
1.5645092725753782e-8
1.4126156270503997e-8
1.2629534304141998e-8
1.1666826158761978e-8
1.1843857914209366e-8
1.3223575055599211e-8
1.5818019211292265e-8
1.9487616419792175e-8
2.353755235671997e-8
2.895376086235046e-8
3.569521605968475e-8
4.272029399871826e-8
5.1913213729858394e-8
6.408376097679138e-8
7.283828854560852e-8
7.143540978431702e-8
6.611756086349488e-8
6.12082839012146e-8
5.702934265136718e-8
5.45882523059845e-8
5.3319853544235225e-8
5.1985710859298706e-8
4.874031543731689e-8
4.408389329910278e-8
4.1656956076622004e-8
4.0961939096450805e-8
4.0658956766128535e-8
4.127475619316101e-8
3.8117429614067074e-8
3.13060462474823e-8
2.5225251913070676e-8
2.0848719775676728e-8
1.8051061034202575e-8
1.629888117313385e-8
1.4787305891513824e-8
1.2849372625350951e-8
1.0405383259057998e-8
8.293980360031128e-9
6.891225278377533e-9
5.095283500850201e-10
1.2250137515366078e-9
1.6501205042004586e-9
2.0304502919316293e-9
2.488947473466396e-9
3.1322039663791655e-9
4.155084118247032e-9
5.814756825566291e-9
8.568158000707627e-9
1.3699105381965636e-8
1.8354299664497373e-8
1.871354728937149e-8
1.8011356890201567e-8
1.893407106399536e-8
2.337059825658798e-8
2.890275418758392e-8
3.254612684249878e-8
3.496354520320892e-8
3.6449182033538815e-8
3.716953098773956e-8
3.611697256565094e-8
3.3537301421165465e-8
2.953512370586395e-8
2.462729513645172e-8
2.0129251480102538e-8
1.634915769100189e-8
1.3517284393310547e-8
1.1527634412050246e-8
1.0080287605524063e-8
9.088077396154402e-9
8.391855657100677e-9
7.963589578866959e-9
7.906936109066009e-9
8.172319084405898e-9
8.698898553848266e-9
9.90196019411087e-9
1.2275401502847672e-8
1.6281846165657043e-8
2.1965648233890533e-8
2.780316174030304e-8
3.209026157855987e-8
3.5340279340744014e-8
3.851187527179718e-8
4.1232284903526305e-8
4.6290135383605955e-8
5.4221314191818235e-8
5.955634117126464e-8
6.322994828224182e-8
6.658278703689575e-8
6.658741831779479e-8
6.410157680511474e-8
6.197028160095215e-8
5.4463666677474974e-8
4.728894233703613e-8
4.115578234195709e-8
3.9022666215896606e-8
3.892138302326202e-8
3.374735116958618e-8
3.023012578487396e-8
2.77847558259964e-8
2.3469211161136627e-8
1.9193942844867704e-8
1.6363541781902314e-8
1.4732420444488525e-8
1.3169294595718382e-8
1.2041272222995758e-8
1.1993367969989777e-8
1.3154296576976776e-8
1.5511359274387358e-8
1.90734326839447e-8
2.309533208608627e-8
2.8508248925209045e-8
3.53851318359375e-8
4.273138642311096e-8
5.228530168533325e-8
6.385362148284912e-8
7.24553644657135e-8
7.203840017318725e-8
6.753537654876709e-8
6.191926002502441e-8
5.640185475349426e-8
5.3890007734298706e-8
5.258858203887939e-8
5.074888467788696e-8
4.792755246162414e-8
4.4547578692436213e-8
4.274054765701294e-8
4.163477718830108e-8
4.148782789707184e-8
4.265455305576324e-8
3.8089501857757564e-8
3.070907890796661e-8
2.516147494316101e-8
2.1233859658241272e-8
1.858229339122772e-8
1.6701558232307432e-8
1.5019311010837555e-8
1.2947160005569458e-8
1.0459910333156585e-8
8.370540291070938e-9
7.043274492025375e-9
4.900502972304821e-10
1.1980480514466762e-9
1.6323443502187728e-9
2.016785554587841e-9
2.4705553427338598e-9
3.1096838414669036e-9
4.1502214968204495e-9
5.9088923037052155e-9
8.901643007993698e-9
1.4134150743484497e-8
1.8503066897392274e-8
1.8606941401958466e-8
1.7981372773647307e-8
1.9106791913509367e-8
2.376825362443924e-8
2.9470244050025938e-8
3.296090066432953e-8
3.506594300270081e-8
3.638468682765961e-8
3.7071698904037476e-8
3.594191074371338e-8
3.3178895711898805e-8
2.895199358463287e-8
2.3993675410747527e-8
1.962851881980896e-8
1.6018745303153993e-8
1.3293488323688506e-8
1.135769486427307e-8
9.935600310564041e-9
8.957796543836593e-9
8.298307657241821e-9
7.936590164899825e-9
7.949402183294296e-9
8.242479711771011e-9
8.753535896539688e-9
9.936781227588654e-9
1.2275734543800353e-8
1.6157779097557067e-8
2.1619573235511778e-8
2.7289411425590516e-8
3.149937093257904e-8
3.462629020214081e-8
3.76321405172348e-8
4.024749994277954e-8
4.532232880592346e-8
5.345091223716736e-8
5.869108438491821e-8
6.205158829689026e-8
6.52284026145935e-8
6.54826819896698e-8
6.34337067604065e-8
6.116899847984313e-8
5.393555760383606e-8
4.7182774543762204e-8
4.1247171163558955e-8
3.939750492572784e-8
3.9762225747108455e-8
3.462623357772827e-8
3.104579746723175e-8
2.8821006417274475e-8
2.4690058827400206e-8
2.0287761092185973e-8
1.719180941581726e-8
1.5390343964099883e-8
1.3707341253757477e-8
1.2439562380313873e-8
1.2201341986656188e-8
1.3143186271190643e-8
1.5295782685279847e-8
1.870443671941757e-8
2.2672373056411742e-8
2.8096479177474975e-8
3.508801460266113e-8
4.267001450061798e-8
5.24290382862091e-8
6.374616622924804e-8
7.235655188560486e-8
7.257809042930602e-8
6.852511763572692e-8
6.243086457252502e-8
5.608589649200439e-8
5.328710675239563e-8
5.181339979171753e-8
4.9779969453811646e-8
4.731538891792297e-8
4.474638402462006e-8
4.3494912981987e-8
4.2429691553115844e-8
4.2369261384010315e-8
4.3579405546188354e-8
3.8295599818229673e-8
3.04762989282608e-8
2.5097009539604185e-8
2.150142788887024e-8
1.9013409316539764e-8
1.709532141685486e-8
1.5274439752101898e-8
1.3082043826580048e-8
1.053745374083519e-8
8.457766473293305e-9
7.169180363416672e-9
4.748259671032429e-10
1.1758841574192048e-9
1.6144609078764914e-9
2.000795118510723e-9
2.4530399590730666e-9
3.095873072743416e-9
4.1707593947649e-9
6.03555329144001e-9
9.167933464050292e-9
1.4459878206253051e-8
1.8673981726169584e-8
1.861164569854736e-8
1.800863593816757e-8
1.9284670054912565e-8
2.4138174951076506e-8
2.9946625232696534e-8
3.331870436668396e-8
3.51995050907135e-8
3.6358010768890376e-8
3.695525825023651e-8
3.571573495864868e-8
3.2783290743827816e-8
2.8409504890441892e-8
2.3435094952583312e-8
1.916726678609848e-8
1.5688252449035643e-8
1.3062766194343566e-8
1.1183495074510574e-8
9.791642427444458e-9
8.837898820638656e-9
8.214744925498962e-9
7.90681391954422e-9
7.973579317331314e-9
8.296982944011687e-9
8.806552737951279e-9
9.967409074306487e-9
1.2254343181848526e-8
1.6023015975952148e-8
2.1308955550193786e-8
2.680961191654205e-8
3.090623915195465e-8
3.39212566614151e-8
3.679754734039306e-8
3.9341253042221065e-8
4.4406950473785397e-8
5.2587729692459106e-8
5.776513814926147e-8
6.093935966491699e-8
6.399567127227782e-8
6.439942121505738e-8
6.264251470565796e-8
6.041306257247925e-8
5.3420954942703245e-8
4.69736635684967e-8
4.128822386264801e-8
3.970932066440582e-8
4.0443527698516843e-8
3.54337602853775e-8
3.1907713413238524e-8
2.9827916622161867e-8
2.580152153968811e-8
2.1354179084300995e-8
1.8090869486331938e-8
1.611337214708328e-8
1.4274431765079498e-8
1.2858507037162781e-8
1.2451610714197159e-8
1.31950244307518e-8
1.5147632360458374e-8
1.839470863342285e-8
2.2283461689949036e-8
2.7708393335342407e-8
3.4791696071624756e-8
4.254930019378662e-8
5.245515704154968e-8
6.370605826377869e-8
7.240593433380126e-8
7.305487394332886e-8
6.925349831581115e-8
6.282029747962952e-8
5.591028332710266e-8
5.2773731946945185e-8
5.109139680862426e-8
4.8983839154243464e-8
4.681073725223541e-8
4.481451511383056e-8
4.405606985092163e-8
4.319462180137634e-8
4.3210139870643616e-8
4.4349417090415956e-8
3.859550356864929e-8
3.044763803482056e-8
2.5095611810684203e-8
2.1703523397445677e-8
1.9369418919086454e-8
1.745895892381668e-8
1.554436385631561e-8
1.3244350254535674e-8
1.0637991875410079e-8
8.549928665161132e-9
7.2802737355232235e-9
4.6259188093245026e-10
1.153804361820221e-9
1.5950798988342285e-9
1.9838247448205947e-9
2.434527687728405e-9
3.0905108898878094e-9
4.208261892199516e-9
6.1629507690668104e-9
9.476718306541443e-9
1.4815075695514678e-8
1.8688134849071502e-8
1.8646532297134398e-8
1.8132878839969634e-8
1.952143758535385e-8
2.449717819690704e-8
3.029381930828094e-8
3.35666686296463e-8
3.536833524703979e-8
3.639513254165649e-8
3.678749799728393e-8
3.5429418087005616e-8
3.237496018409729e-8
2.790488600730896e-8
2.2939206659793853e-8
1.874021291732788e-8
1.537410318851471e-8
1.2845714390277861e-8
1.1023811250925064e-8
9.66377779841423e-9
8.723189681768417e-9
8.134648948907851e-9
7.892484217882155e-9
8.010054379701614e-9
8.346574008464812e-9
8.861960470676422e-9
1.0009469091892241e-8
1.2250033766031265e-8
1.5920139849185944e-8
2.0986169576644897e-8
2.6275545358657834e-8
3.024383783340454e-8
3.314559161663055e-8
3.596814870834351e-8
3.8651195168495174e-8
4.3710520863533016e-8
5.173942446708679e-8
5.6849133968353266e-8
5.990364551544189e-8
6.278789639472961e-8
6.326557397842407e-8
6.172102689743042e-8
5.953290462493896e-8
5.2908360958099364e-8
4.679964780807495e-8
4.137113690376282e-8
4.00168627500534e-8
4.0998411178588866e-8
3.612129986286163e-8
3.271764814853668e-8
3.083257377147674e-8
2.68233984708786e-8
2.2319306433200834e-8
1.8996188044548034e-8
1.6873717308044434e-8
1.4872358739376068e-8
1.331229954957962e-8
1.274317353963852e-8
1.3307364284992217e-8
1.5059366822242735e-8
1.8168258666992187e-8
2.1950595080852507e-8
2.7239310741424558e-8
3.4411430358886716e-8
4.244414865970611e-8
5.243946313858032e-8
6.367095708847045e-8
7.249565124511718e-8
7.347269058227538e-8
7.001993060112e-8
6.335981488227844e-8
5.58041512966156e-8
5.216836333274841e-8
5.0424671173095703e-8
4.8379018902778626e-8
4.637410044670105e-8
4.4788458943367e-8
4.43461000919342e-8
4.38417911529541e-8
4.413963258266449e-8
4.495238661766052e-8
3.882394433021545e-8
3.058864176273346e-8
2.5206583738327027e-8
2.1890462934970854e-8
1.9659912586212157e-8
1.7765705287456513e-8
1.5790706872940063e-8
1.3383255898952484e-8
1.073407605290413e-8
8.66214409470558e-9
7.395657151937484e-9
4.5117908157408234e-10
1.114522200077772e-9
1.5637768432497978e-9
1.962114684283733e-9
2.3957446217536925e-9
3.0760690569877623e-9
4.22954112291336e-9
6.304249167442321e-9
1.0379250347614288e-8
1.5580028295516968e-8
1.7708250880241393e-8
1.8415598571300504e-8
1.861632615327835e-8
2.010122388601303e-8
2.4963563680648804e-8
3.0153045058250426e-8
3.331248462200165e-8
3.569878935813904e-8
3.674526512622833e-8
3.63795667886734e-8
3.495555818080902e-8
3.196192979812622e-8
2.7462726831436157e-8
2.255713790655136e-8
1.835547685623169e-8
1.5126869082450867e-8
1.2742698192596434e-8
1.0981563478708267e-8
9.629852324724197e-9
8.606894314289093e-9
8.047755807638168e-9
7.99991562962532e-9
8.20111408829689e-9
8.444525301456451e-9
8.977965265512466e-9
1.0175976157188416e-8
1.2432178854942321e-8
1.602463126182556e-8
2.0467211306095123e-8
2.5235301256179808e-8
2.9046237468719482e-8
3.1826037168502804e-8
3.494642376899719e-8
3.907000124454498e-8
4.4254294037818904e-8
5.1289808750152584e-8
5.622126460075378e-8
5.913419723510742e-8
6.12775981426239e-8
6.165253520011902e-8
6.026698350906372e-8
5.778701305389404e-8
5.2393364906311034e-8
4.721296429634094e-8
4.210467040538788e-8
4.072468876838684e-8
4.13773775100708e-8
3.6477300524711605e-8
3.326848149299621e-8
3.190891146659851e-8
2.758706212043762e-8
2.2830238938331604e-8
1.975637227296829e-8
1.752510219812393e-8
1.542283296585083e-8
1.383170336484909e-8
1.3101272284984587e-8
1.3506804406642912e-8
1.5014412999153136e-8
1.815364509820938e-8
2.172834724187851e-8
2.6153349876403806e-8
3.3464959263801575e-8
4.26734983921051e-8
5.25181233882904e-8
6.346992254257202e-8
7.240925431251526e-8
7.384797334671021e-8
7.209967374801635e-8
6.542434096336364e-8
5.570237636566162e-8
5.055709481239319e-8
4.962606132030487e-8
4.830858409404754e-8
4.5990565419197084e-8
4.453209340572357e-8
4.363239407539368e-8
4.4096726179122924e-8
4.601549208164215e-8
4.481835067272186e-8
3.8247719407081605e-8
3.109863400459289e-8
2.5704744458198547e-8
2.2140496969223023e-8
1.9843056797981262e-8
1.7866715788841247e-8
1.5842290222644804e-8
1.3236530125141143e-8
1.0688525438308716e-8
8.86562168598175e-9
7.601115107536315e-9
4.383197519928217e-10
1.0864552110433578e-9
1.5349796041846274e-9
1.932450570166111e-9
2.3720130324363708e-9
3.0668074265122413e-9
4.275811836123466e-9
6.607000529766082e-9
1.0976588726043701e-8
1.5865154564380646e-8
1.7498929798603058e-8
1.824844479560852e-8
1.891574114561081e-8
2.0562946796417236e-8
2.5280267000198362e-8
3.015882670879364e-8
3.327455222606659e-8
3.5877993702888487e-8
3.6842906475067135e-8
3.612212240695953e-8
3.4534919261932374e-8
3.152793049812317e-8
2.7044954895973204e-8
2.216619253158569e-8
1.802876591682434e-8
1.4897802472114562e-8
1.261977106332779e-8
1.0921874642372132e-8
9.566979110240937e-9
8.529908955097199e-9
8.013494312763214e-9
8.066239207983017e-9
8.33493247628212e-9
8.579044044017792e-9
9.103304892778396e-9
1.0325231403112412e-8
1.2572969496250152e-8
1.597570776939392e-8
2.0016349852085112e-8
2.4351534247398375e-8
2.793026566505432e-8
3.0688920617103576e-8
3.414834439754486e-8
3.9038622379302977e-8
4.4449704885482786e-8
5.1026517152786254e-8
5.5665469169616696e-8
5.8294278383255e-8
5.993698835372924e-8
6.015858054161071e-8
5.882629156112671e-8
5.6335282325744624e-8
5.17316997051239e-8
4.7310420870780945e-8
4.261971414089203e-8
4.135390818119049e-8
4.1889494657516476e-8
3.69005411863327e-8
3.382768630981445e-8
3.274448812007904e-8
2.8399780392646787e-8
2.347177267074585e-8
2.0391717553138734e-8
1.8197877705097197e-8
1.600673198699951e-8
1.4328159391880035e-8
1.349324733018875e-8
1.373012214899063e-8
1.5080983936786652e-8
1.807805299758911e-8
2.1416844427585602e-8
2.5465524196624754e-8
3.273748457431793e-8
4.248377382755279e-8
5.247052907943725e-8
6.339516043663024e-8
7.249415516853332e-8
7.441207766532898e-8
7.374895811080933e-8
6.686422824859619e-8
5.572614073753357e-8
4.9630376696586604e-8
4.89009827375412e-8
4.796565771102905e-8
4.565214812755585e-8
4.420664310455322e-8
4.328702390193939e-8
4.437102377414703e-8
4.698525071144104e-8
4.505482017993927e-8
3.813382685184478e-8
3.132731318473816e-8
2.610414922237396e-8
2.243513911962509e-8
2.0028381049633025e-8
1.7980287969112396e-8
1.5857680141925813e-8
1.31901815533638e-8
1.0678649693727493e-8
8.979027718305587e-9
7.798165827989578e-9
4.2642387561500073e-10
1.0624014772474764e-9
1.5071060508489609e-9
1.9062798470258714e-9
2.3527832701802254e-9
3.0713843181729313e-9
4.375225678086281e-9
6.890580058097839e-9
1.13851897418499e-8
1.6114196181297302e-8
1.7467284202575683e-8
1.8237701058387756e-8
1.913345009088516e-8
2.0900757610797882e-8
2.5539073348045346e-8
3.024567663669586e-8
3.3318638801574706e-8
3.5972824692726134e-8
3.684017658233642e-8
3.589708507061005e-8
3.415649235248566e-8
3.110412657260895e-8
2.6633116602897642e-8
2.1796773374080657e-8
1.7727243900299073e-8
1.4683745801448821e-8
1.2489000707864761e-8
1.0841824114322663e-8
9.501215070486068e-9
8.473489433526993e-9
7.997476309537887e-9
8.118655532598496e-9
8.446350693702698e-9
8.71019959449768e-9
9.237040579318999e-9
1.0458745807409286e-8
1.2653619050979614e-8
1.5872201323509215e-8
1.9589444994926452e-8
2.3571734130382536e-8
2.6930510997772215e-8
2.9694998264312742e-8
3.342586159706115e-8
3.878717720508575e-8
4.441874623298645e-8
5.078479051589966e-8
5.5142796039581294e-8
5.745829939842224e-8
5.871903896331787e-8
5.876875519752502e-8
5.744572877883911e-8
5.504944324493408e-8
5.100378394126892e-8
4.719363451004028e-8
4.2936813831329346e-8
4.188263416290283e-8
4.2440277338027953e-8
3.73810738325119e-8
3.438234627246856e-8
3.3490964770317074e-8
2.9173544049263e-8
2.4153870344161987e-8
2.103036344051361e-8
1.8839082121849058e-8
1.6605368256568907e-8
1.4836448431015013e-8
1.3894306123256683e-8
1.399620920419693e-8
1.5187059342861174e-8
1.8011112511157988e-8
2.1127952635288237e-8
2.4948956072330473e-8
3.2151433825492857e-8
4.21440839767456e-8
5.232506990432739e-8
6.335983276367187e-8
7.268443703651428e-8
7.5043123960495e-8
7.508546710014344e-8
6.794441938400268e-8
5.5835735797882076e-8
4.907228350639343e-8
4.828517138957977e-8
4.75290447473526e-8
4.529719352722168e-8
4.3898555636405945e-8
4.309909641742706e-8
4.459231197834015e-8
4.7588050365447996e-8
4.5383113622665404e-8
3.8231697678565976e-8
3.152022361755371e-8
2.6410794258117675e-8
2.2719302773475647e-8
2.0226944983005523e-8
1.8091578781604766e-8
1.589079350233078e-8
1.3178642094135285e-8
1.069112792611122e-8
9.066628664731978e-9
7.964570820331573e-9
4.1572479531168935e-10
1.0403241030871868e-9
1.4819537289440631e-9
1.883153989911079e-9
2.340611256659031e-9
3.097541071474552e-9
4.491449892520904e-9
7.134520262479781e-9
1.1710048466920851e-8
1.634571552276611e-8
1.7536331713199616e-8
1.8305270373821257e-8
1.932321786880493e-8
2.1160343289375303e-8
2.5763627886772155e-8
3.0370962619781494e-8
3.339137434959411e-8
3.6021822690963745e-8
3.6786034703254696e-8
3.567714989185333e-8
3.38041365146637e-8
3.069623410701752e-8
2.6234269142150877e-8
2.1445968747138976e-8
1.7445279657840728e-8
1.4479042589664458e-8
1.2353178113698958e-8
1.0751713067293167e-8
9.434995800256729e-9
8.428690582513808e-9
7.98998475074768e-9
8.165588974952698e-9
8.544357120990754e-9
8.835039287805556e-9
9.367204457521438e-9
1.0571744292974472e-8
1.2693004310131073e-8
1.5736673772335053e-8
1.9182108342647552e-8
2.287025600671768e-8
2.6040270924568176e-8
2.88100004196167e-8
3.273826539516449e-8
3.8412314653396604e-8
4.423336684703827e-8
5.0504463911056514e-8
5.462714433670044e-8
5.6648361682891844e-8
5.7596385478973384e-8
5.747362971305847e-8
5.6140887737274166e-8
5.38673460483551e-8
5.0244218111038204e-8
4.693036079406738e-8
4.3089351058006284e-8
4.2300692200660706e-8
4.297667145729065e-8
3.788821995258331e-8
3.493887186050415e-8
3.419249653816223e-8
2.990874350070953e-8
2.4836216866970062e-8
2.167794555425644e-8
1.9473242759704588e-8
1.7199443280696868e-8
1.5356408059597016e-8
1.4312171936035155e-8
1.428953856229782e-8
1.5327264368534086e-8
1.7971527576446534e-8
2.0886653661727906e-8
2.4533355236053467e-8
3.165644705295563e-8
4.1760340332984924e-8
5.212188363075256e-8
6.333245635032654e-8
7.292681336402892e-8
7.567636370658875e-8
7.619451880455017e-8
6.880530714988709e-8
5.599631071090698e-8
4.872384071350097e-8
4.777581691741943e-8
4.707813262939453e-8
4.493260085582733e-8
4.361681938171387e-8
4.297545552253723e-8
4.476232826709747e-8
4.801639914512634e-8
4.5721730589866635e-8
3.842773139476776e-8
3.17243218421936e-8
2.6671144366264343e-8
2.297757863998413e-8
2.0425738394260405e-8
1.821049451828003e-8
1.593983918428421e-8
1.319141685962677e-8
1.0716302692890166e-8
9.144389629364013e-9
8.103080093860626e-9
4.0686861611902714e-10
1.0266688652336596e-9
1.4509501866996288e-9
1.8316829577088356e-9
2.316511794924736e-9
3.128046914935112e-9
4.625069350004196e-9
7.556232810020446e-9
1.2343902885913849e-8
1.632997393608093e-8
1.7537523806095122e-8
1.8395954370498656e-8
1.9349440932273864e-8
2.1326714754104613e-8
2.5768131017684934e-8
3.0398014187812804e-8
3.399886786937713e-8
3.64496111869812e-8
3.635379076004028e-8
3.520153760910034e-8
3.3449384570121764e-8
3.0249246954917907e-8
2.57975697517395e-8
2.1151180565357206e-8
1.72306090593338e-8
1.4284291863441467e-8
1.2178721278905869e-8
1.0674770176410674e-8
9.421586245298384e-9
8.473358303308487e-9
8.10629203915596e-9
8.287037909030914e-9
8.600001037120818e-9
8.95010456442833e-9
9.533466398715972e-9
1.0700076818466186e-8
1.2843906879425048e-8
1.5704600512981413e-8
1.893808841705322e-8
2.2454561293125152e-8
2.546338140964508e-8
2.84396231174469e-8
3.256058394908905e-8
3.815696537494659e-8
4.368718564510345e-8
4.869081377983093e-8
5.309399366378784e-8
5.6435024738311765e-8
5.7054215669631957e-8
5.63637375831604e-8
5.503285527229309e-8
5.3030741214752194e-8
4.9177417159080505e-8
4.632084667682647e-8
4.33144211769104e-8
4.290620386600494e-8
4.401010274887085e-8
3.8775685429573055e-8
3.5271307826042174e-8
3.4060606360435485e-8
3.019493520259857e-8
2.5347152352333066e-8
2.226778119802475e-8
2.030998170375824e-8
1.754854470491409e-8
1.5513035655021668e-8
1.468690037727356e-8
1.4599435031414032e-8
1.5441231429576872e-8
1.7824046313762665e-8
2.066560387611389e-8
2.371753305196762e-8
3.03600937128067e-8
4.1089776158332826e-8
5.1863604784011836e-8
6.36626660823822e-8
7.356199026107788e-8
7.63401687145233e-8
7.8119558095932e-8
6.99692964553833e-8
5.674963593482971e-8
4.9233165383338926e-8
4.7227174043655396e-8
4.6315443515777586e-8
4.459032416343689e-8
4.315216541290283e-8
4.2757186293601985e-8
4.5090448856353757e-8
4.827807545661926e-8
4.533181488513946e-8
3.8248226046562194e-8
3.2022616267204284e-8
2.7041447162628173e-8
2.3443973064422606e-8
2.0683878660202026e-8
1.8129898607730865e-8
1.5565651655197144e-8
1.3130688667297363e-8
1.1061041802167892e-8
9.455557167530059e-9
8.311372250318527e-9
4.0014944970607754e-10
1.0112632066011429e-9
1.413210481405258e-9
1.7795214429497718e-9
2.2898131981492042e-9
3.1647708266973493e-9
4.808995872735977e-9
8.063727617263793e-9
1.2939253449440002e-8
1.6380710899829864e-8
1.7499543726444243e-8
1.8429814279079437e-8
1.934264451265335e-8
2.1378783881664276e-8
2.5714284181594847e-8
3.050997257232666e-8
3.471308648586273e-8
3.688381314277649e-8
3.590719997882843e-8
3.464731574058533e-8
3.3031162619590756e-8
2.979196012020111e-8
2.5376322865486144e-8
2.087378054857254e-8
1.7035172879695893e-8
1.4097312092781066e-8
1.201360747218132e-8
1.0601532459259033e-8
9.438478946685791e-9
8.571201562881469e-9
8.2719549536705e-9
8.431776612997054e-9
8.676639199256897e-9
9.062209725379944e-9
9.697475284337997e-9
1.0863101482391357e-8
1.3013121485710143e-8
1.573508083820343e-8
1.8800310790538787e-8
2.21915528178215e-8
2.51374214887619e-8
2.833057641983032e-8
3.257649838924408e-8
3.790697753429413e-8
4.2802625894546505e-8
4.647775888442993e-8
5.119869709014892e-8
5.616869330406189e-8
5.666525363922119e-8
5.547841787338257e-8
5.4095673561096186e-8
5.228258371353149e-8
4.811100661754608e-8
4.560098350048065e-8
4.345006942749023e-8
4.357473254203796e-8
4.521774053573608e-8
3.978025913238525e-8
3.554930984973907e-8
3.371620774269104e-8
3.015066683292389e-8
2.5675001740455626e-8
2.2811560332775116e-8
2.1076302230358124e-8
1.7888809740543364e-8
1.557326912879944e-8
1.491609215736389e-8
1.4887845516204833e-8
1.555625796318054e-8
1.768510937690735e-8
2.0350928604602812e-8
2.2820548713207245e-8
2.8906729817390442e-8
4.012742340564727e-8
5.1458716392517086e-8
6.40582799911499e-8
7.437313795089721e-8
7.716822028160094e-8
8.034955263137816e-8
7.140478491783142e-8
5.782886743545532e-8
4.999024868011474e-8
4.680863320827484e-8
4.555618166923523e-8
4.416669309139252e-8
4.265589118003845e-8
4.2524453997612e-8
4.5344859361648557e-8
4.834684133529663e-8
4.474495947360992e-8
3.791198432445526e-8
3.22517067193985e-8
2.7468797564506528e-8
2.3949655890464782e-8
2.0942577719688414e-8
1.796726733446121e-8
1.5138064324855803e-8
1.300215572118759e-8
1.1424952000379561e-8
9.892899543046951e-9
8.604954928159713e-9
3.9377361536026e-10
9.89900156855583e-10
1.3778602704405783e-9
1.7436681315302847e-9
2.2777194157242775e-9
3.2237101346254345e-9
5.026642233133316e-9
8.478908985853195e-9
1.3361324369907378e-8
1.6580331325531004e-8
1.75235316157341e-8
1.8435642123222352e-8
1.936245560646057e-8
2.1391421556472778e-8
2.574765086174011e-8
3.0739131569862366e-8
3.517221510410309e-8
3.710312843322754e-8
3.5644990205764767e-8
3.419238924980164e-8
3.257569670677185e-8
2.935357093811035e-8
2.4995908141136168e-8
2.0589517056941984e-8
1.682262420654297e-8
1.3919714093208313e-8
1.1877515912055969e-8
1.0531993210315704e-8
9.453463554382324e-9
8.662884682416915e-9
8.406959474086762e-9
8.561988919973373e-9
8.787957578897476e-9
9.181292355060576e-9
9.8434679210186e-9
1.1022388190031052e-8
1.3134223222732543e-8
1.575537770986557e-8
1.868240088224411e-8
2.1959975361824035e-8
2.4897098541259763e-8
2.818685173988342e-8
3.245561420917511e-8
3.753225207328796e-8
4.1838669776916505e-8
4.47962999343872e-8
4.964572191238403e-8
5.545616745948791e-8
5.6074190139770505e-8
5.470895767211914e-8
5.324321389198303e-8
5.146179795265197e-8
4.723499715328216e-8
4.496990144252777e-8
4.340599775314331e-8
4.408956170082092e-8
4.621424376964569e-8
4.064569771289825e-8
3.5941129922866817e-8
3.3680981397628784e-8
3.011683821678162e-8
2.5899353623390196e-8
2.3282188177108763e-8
2.1664629876613617e-8
1.8327568471431733e-8
1.57850980758667e-8
1.5087997913360595e-8
1.5109400451183318e-8
1.569189429283142e-8
1.7616480588912962e-8
1.999828815460205e-8
2.2115297615528105e-8
2.7836158871650695e-8
3.9126229286193844e-8
5.093616843223571e-8
6.42465591430664e-8
7.509286403656005e-8
7.812699675559997e-8
8.228867053985596e-8
7.285500764846801e-8
5.8872234821319576e-8
5.052039623260498e-8
4.660364985466003e-8
4.5021432638168336e-8
4.3690282106399534e-8
4.224552512168884e-8
4.2326295375823975e-8
4.539547562599182e-8
4.8294660449028015e-8
4.440506398677826e-8
3.7691900134086605e-8
3.237334191799164e-8
2.7828249335289002e-8
2.4344323575496674e-8
2.1155819296836853e-8
1.7882242798805236e-8
1.490532010793686e-8
1.2898260354995728e-8
1.1612674593925475e-8
1.0263220965862274e-8
8.939358592033385e-9
3.8658571429550645e-10
9.676937013864516e-10
1.3478709384799004e-9
1.7187064513564108e-9
2.2821176797151566e-9
3.3041477203369138e-9
5.237487703561783e-9
8.824869990348815e-9
1.3734322786331176e-8
1.680363416671753e-8
1.7597736418247222e-8
1.845601052045822e-8
1.9378292560577393e-8
2.1416960656642913e-8
2.5835072994232175e-8
3.097213804721832e-8
3.5488843917846676e-8
3.7224456667900086e-8
3.544486165046692e-8
3.380250036716461e-8
3.2132786512374874e-8
2.893010377883911e-8
2.4634452164173126e-8
2.0307186245918272e-8
1.6605810821056365e-8
1.375059187412262e-8
1.1755498498678207e-8
1.0471460968255996e-8
9.466861933469773e-9
8.742287009954452e-9
8.524924516677856e-9
8.688433468341827e-9
8.908876031637191e-9
9.307332336902619e-9
9.983812272548675e-9
1.1160890012979507e-8
1.3232961297035217e-8
1.5764416754245757e-8
1.8577902019023895e-8
2.176697254180908e-8
2.4691414833068847e-8
2.8014561533927915e-8
3.224109411239624e-8
3.706476092338562e-8
4.089977443218231e-8
4.343266785144806e-8
4.8302924633026124e-8
5.454021096229553e-8
5.534594655036926e-8
5.395762920379638e-8
5.243866443634033e-8
5.064694881439209e-8
4.646162986755371e-8
4.4397959113121033e-8
4.327455163002014e-8
4.445575475692749e-8
4.703015983104706e-8
4.140775501728058e-8
3.639091551303863e-8
3.3816143870353696e-8
3.016223311424255e-8
2.60777473449707e-8
2.366076409816742e-8
2.217335999011993e-8
1.8762797117233276e-8
1.6075226664543152e-8
1.5290018916130066e-8
1.5291769802570343e-8
1.5819312632083892e-8
1.7576898634433745e-8
1.9696561992168426e-8
2.15336874127388e-8
2.6985415816307065e-8
3.820295631885528e-8
5.0359553098678586e-8
6.427968740463257e-8
7.571337819099426e-8
7.910863757133483e-8
8.403681516647338e-8
7.42606520652771e-8
5.98554790019989e-8
5.097486972808838e-8
4.651528298854828e-8
4.462618231773376e-8
4.325112700462341e-8
4.188211858272552e-8
4.212327003479004e-8
4.53363299369812e-8
4.818916320800781e-8
4.4179892539978026e-8
3.755015134811401e-8
3.246016502380371e-8
2.8107061982154844e-8
2.4662835896015166e-8
2.13392898440361e-8
1.7861004173755645e-8
1.4773565530776976e-8
1.2828680872917175e-8
1.1731436103582381e-8
1.0553640872240066e-8
9.279224276542664e-9
3.7843387108296153e-10
9.468433447182177e-10
1.323072426021099e-9
1.7050886526703834e-9
2.3059170693159103e-9
3.400132432579994e-9
5.45806810259819e-9
9.200194478034972e-9
1.4058688282966613e-8
1.6956254839897156e-8
1.7704775929450987e-8
1.8499016761779783e-8
1.9404052197933196e-8
2.147025167942047e-8
2.5946423411369322e-8
3.1241708993911745e-8
3.5766193270683284e-8
3.73386412858963e-8
3.534692525863647e-8
3.3456712961196896e-8
3.166034817695617e-8
2.8468590974807738e-8
2.423369437456131e-8
1.9986256957054136e-8
1.636739671230316e-8
1.3585945963859557e-8
1.1656763404607772e-8
1.0421157628297806e-8
9.475678205490112e-9
8.829008787870407e-9
8.653830736875533e-9
8.804529905319214e-9
9.022575616836548e-9
9.43305343389511e-9
1.0116380453109742e-8
1.1292606592178345e-8
1.3314133882522583e-8
1.5753883123397827e-8
1.8482996523380278e-8
2.1658715605735777e-8
2.4603183567523954e-8
2.7850285172462462e-8
3.19466233253479e-8
3.646242618560791e-8
3.997123539447784e-8
4.2345035076141354e-8
4.713033735752106e-8
5.349650979042053e-8
5.454025864601135e-8
5.3211748600006104e-8
5.165097117424011e-8
4.9818331003189085e-8
4.571825563907623e-8
4.393601715564727e-8
4.3122562766075134e-8
4.4678464531898495e-8
4.7676050662994385e-8
4.2064231634140013e-8
3.6872771382331844e-8
3.405705690383911e-8
3.023581206798553e-8
2.6160341501235962e-8
2.3938457667827605e-8
2.2652460634708404e-8
1.9166915118694305e-8
1.636684387922287e-8
1.5533457696437836e-8
1.54665544629097e-8
1.5911974012851715e-8
1.7537297308444975e-8
1.941283792257309e-8
2.1071366965770722e-8
2.6325878500938413e-8
3.737314641475677e-8
4.985286593437195e-8
6.425986289978027e-8
7.619491219520569e-8
7.997364401817322e-8
8.527789115905761e-8
7.532944083213805e-8
6.08291745185852e-8
5.165888667106628e-8
4.6720224618911744e-8
4.4378086924552916e-8
4.285376965999603e-8
4.158055782318115e-8
4.200555384159088e-8
4.529602527618408e-8
4.794567823410034e-8
4.394747912883758e-8
3.752711713314056e-8
3.258362114429474e-8
2.8365325927734373e-8
2.4901294708251953e-8
2.140681743621826e-8
1.7816361784934998e-8
1.4730361104011534e-8
1.2865249812602997e-8
1.1855196952819824e-8
1.0766084492206573e-8
9.581521898508071e-9
3.677499946206808e-10
9.274329058825969e-10
1.3023870065808295e-9
1.7076140269637107e-9
2.3700946941971777e-9
3.5438966006040572e-9
5.849342793226242e-9
1.0014165192842483e-8
1.4234989881515503e-8
1.6594690084457398e-8
1.7824578285217285e-8
1.8595607578754426e-8
1.9461728632450102e-8
2.15992733836174e-8
2.6083621382713317e-8
3.1892991065979e-8
3.632655441761017e-8
3.776202201843261e-8
3.5773444175720216e-8
3.312630951404571e-8
3.084522187709808e-8
2.7650880813598633e-8
2.3496203124523163e-8
1.938556283712387e-8
1.5975593030452727e-8
1.3413015007972716e-8
1.1650338768959046e-8
1.040111631155014e-8
9.474418312311173e-9
9.030498564243317e-9
8.918800950050354e-9
8.874068409204483e-9
9.059719741344452e-9
9.532184153795243e-9
1.0238017141819e-8
1.1467549204826355e-8
1.3377262651920318e-8
1.565563678741455e-8
1.8393047153949737e-8
2.1966205537319184e-8
2.5199919939041138e-8
2.7880877256393433e-8
3.1490790843963624e-8
3.5300448536872864e-8
3.881590068340301e-8
4.1885209083557125e-8
4.624656736850738e-8
5.2172911167144775e-8
5.375726819038391e-8
5.258004069328308e-8
5.081789493560791e-8
4.874424934387207e-8
4.480791091918945e-8
4.396668672561645e-8
4.314172565937042e-8
4.46744829416275e-8
4.8081597685813905e-8
4.253729283809662e-8
3.7417662143707275e-8
3.4358513355255124e-8
3.0027151107788086e-8
2.566775679588318e-8
2.390480041503906e-8
2.3307880759239197e-8
1.9461555778980255e-8
1.6480392217636108e-8
1.582760363817215e-8
1.5606783330440522e-8
1.585305631160736e-8
1.7384852468967437e-8
1.8940120935440064e-8
2.0797474682331083e-8
2.6064184308052062e-8
3.662293255329132e-8
4.989250600337982e-8
6.450833082199096e-8
7.628385424613953e-8
8.01960289478302e-8
8.398676514625549e-8
7.450181841850281e-8
6.197822093963623e-8
5.405774712562561e-8
4.850667119026184e-8
4.4568225741386414e-8
4.245195686817169e-8
4.1497474908828735e-8
4.253039956092834e-8
4.573906362056732e-8
4.698259532451629e-8
4.330266714096069e-8
3.79814326763153e-8
3.3053895831108095e-8
2.8844150900840756e-8
2.4942176043987274e-8
2.082357257604599e-8
1.7367631196975707e-8
1.4865680038928985e-8
1.3436518609523772e-8
1.2207140028476715e-8
1.0804285109043121e-8
9.730081260204315e-9
3.5862165968865154e-10
9.098430164158344e-10
1.2921277433633803e-9
1.7253758385777473e-9
2.4395491927862167e-9
3.732221573591232e-9
6.271304190158843e-9
1.0503388941287994e-8
1.444273293018341e-8
1.6561870276927947e-8
1.7818282544612885e-8
1.8678408861160277e-8
1.9552351534366608e-8
2.1720589697360992e-8
2.635761797428131e-8
3.2395556569099426e-8
3.686101734638214e-8
3.820614218711853e-8
3.593620061874389e-8
3.2798096537590025e-8
3.015730977058411e-8
2.6879957318305968e-8
2.280461490154266e-8
1.8842063844203948e-8
1.5618287026882172e-8
1.3240855932235718e-8
1.1590506136417388e-8
1.0391940921545028e-8
9.538549929857254e-9
9.192927926778793e-9
9.095561504364013e-9
8.988890051841735e-9
9.130453318357467e-9
9.622061997652053e-9
1.036766991019249e-8
1.1584604531526565e-8
1.3420736789703369e-8
1.5618100762367246e-8
1.8428052961826324e-8
2.2235144674777984e-8
2.5523909926414488e-8
2.7889022231101987e-8
3.10079276561737e-8
3.4379667043685913e-8
3.786258697509765e-8
4.1173359751701354e-8
4.536290168762207e-8
5.107284188270569e-8
5.2900671958923335e-8
5.1834636926651e-8
4.999224245548248e-8
4.7817003726959226e-8
4.40752238035202e-8
4.372771978378296e-8
4.3105670809745786e-8
4.474500715732574e-8
4.840741455554962e-8
4.2970961332321167e-8
3.785659968852997e-8
3.461532592773437e-8
2.9945391416549684e-8
2.541847229003906e-8
2.3842065036296844e-8
2.3617278039455412e-8
1.9827274978160858e-8
1.6692934930324554e-8
1.601719707250595e-8
1.5771873295307158e-8
1.5866675972938536e-8
1.7223787307739257e-8
1.8648204207420348e-8
2.0461294054985046e-8
2.5728100538253782e-8
3.617020547389984e-8
4.9754506349563595e-8
6.457667350769043e-8
7.632288932800293e-8
8.025056123733521e-8
8.3074551820755e-8
7.411369085311889e-8
6.288749575614928e-8
5.58473527431488e-8
4.9982786178588866e-8
4.5057192444801326e-8
4.238409101963043e-8
4.1502645611762995e-8
4.281007349491119e-8
4.588083028793335e-8
4.646807312965393e-8
4.290681183338165e-8
3.814643323421478e-8
3.346392214298248e-8
2.9176536202430725e-8
2.4948781728744505e-8
2.0504885911941526e-8
1.7059436440467834e-8
1.4891836047172546e-8
1.3773158192634581e-8
1.2560665607452393e-8
1.0982413589954376e-8
9.849093109369277e-9
3.506640903651714e-10
8.972812443971634e-10
1.291329227387905e-9
1.7527595162391663e-9
2.529194392263889e-9
3.945376351475716e-9
6.6242285072803494e-9
1.0895305126905441e-8
1.4671197533607483e-8
1.661660075187683e-8
1.784200072288513e-8
1.874149292707443e-8
1.9650544226169585e-8
2.1879790723323822e-8
2.6653116941452025e-8
3.284890949726105e-8
3.7355822324752806e-8
3.85749489068985e-8
3.5987690091133113e-8
3.2460799813270565e-8
2.953684031963348e-8
2.6170238852500914e-8
2.2162193059921264e-8
1.8343199789524077e-8
1.528756320476532e-8
1.3060703873634338e-8
1.1516445875167846e-8
1.0393412411212921e-8
9.614436328411102e-9
9.330501407384872e-9
9.246853739023208e-9
9.10613164305687e-9
9.221342951059342e-9
9.72040444612503e-9
1.0478868335485458e-8
1.1677435785531997e-8
1.3461053371429442e-8
1.5632569789886473e-8
1.8513444066047666e-8
2.244468182325363e-8
2.5719505548477172e-8
2.782551348209381e-8
3.055461943149566e-8
3.36089938879013e-8
3.700937926769256e-8
4.0381523966789245e-8
4.448666870594025e-8
5.0074189901351926e-8
5.201708674430847e-8
5.1033866405487056e-8
4.917735457420349e-8
4.6984815597534176e-8
4.34237390756607e-8
4.3383219838142396e-8
4.300264716148376e-8
4.481343924999237e-8
4.8690557479858396e-8
4.334929585456848e-8
3.822925388813019e-8
3.485066294670105e-8
2.9949671030044554e-8
2.5296121835708616e-8
2.3793402314186095e-8
2.3794440925121308e-8
2.0114967226982117e-8
1.6943764686584473e-8
1.621224582195282e-8
1.5918365120887756e-8
1.5914565324783323e-8
1.7119951546192167e-8
1.8413388729095457e-8
2.0159992575645444e-8
2.5388291478157043e-8
3.5806310176849365e-8
4.954906702041626e-8
6.453814506530762e-8
7.629345059394835e-8
8.021116852760314e-8
8.245083093643188e-8
7.397615313529968e-8
6.364068388938904e-8
5.7248491048812866e-8
5.1240688562393185e-8
4.5674702525138856e-8
4.253574907779693e-8
4.157913327217102e-8
4.296271800994873e-8
4.5906549692153926e-8
4.61660623550415e-8
4.265635907649994e-8
3.8221558928489685e-8
3.375244140625e-8
2.9422712326049804e-8
2.496567815542221e-8
2.0313289761543273e-8
1.685655415058136e-8
1.4874656498432159e-8
1.39874130487442e-8
1.286022812128067e-8
1.1206864565610885e-8
9.987124800682067e-9
3.4420525189489126e-10
8.902600035071372e-10
1.2984138913452625e-9
1.7927560955286025e-9
2.636079117655754e-9
4.1522663086652755e-9
6.933014839887618e-9
1.1236029863357543e-8
1.4905488491058348e-8
1.6717630624771117e-8
1.7893537878990173e-8
1.8808981776237487e-8
1.975942254066467e-8
2.2060610353946686e-8
2.6952576637268064e-8
3.3271899819374085e-8
3.77987653017044e-8
3.886646032333374e-8
3.5972529649734495e-8
3.211885392665863e-8
2.8962031006813048e-8
2.5516679883003233e-8
2.1568609774112702e-8
1.7882050573825835e-8
1.497514247894287e-8
1.2880343198776245e-8
1.1439095437526703e-8
1.0398421436548233e-8
9.688680619001388e-9
9.454037994146346e-9
9.383118152618408e-9
9.223957359790802e-9
9.322366118431091e-9
9.820777177810669e-9
1.0578091442584992e-8
1.1756272614002228e-8
1.350957453250885e-8
1.567932218313217e-8
1.8613454699516295e-8
2.2606541216373443e-8
2.5828224420547484e-8
2.7711135149002074e-8
3.01320344209671e-8
3.293386995792389e-8
3.622174561023712e-8
3.957718908786773e-8
4.362377226352691e-8
4.9125501513481136e-8
5.112581253051758e-8
5.0209027528762814e-8
4.837565720081329e-8
4.6213406324386595e-8
4.281601905822754e-8
4.2994496226310726e-8
4.2846107482910156e-8
4.485146701335907e-8
4.8932594060897826e-8
4.367710947990417e-8
3.8553911447525024e-8
3.50753515958786e-8
3.0008167028427124e-8
2.5251153111457824e-8
2.37708106637001e-8
2.3909950256347654e-8
2.033444792032242e-8
1.717825084924698e-8
1.641923487186432e-8
1.6067613661289214e-8
1.5977916121482847e-8
1.7061419785022735e-8
1.8229922652244566e-8
1.9896322488784788e-8
2.5073072314262388e-8
3.547504842281342e-8
4.930917620658874e-8
6.442594528198241e-8
7.620546221733093e-8
8.012281656265258e-8
8.203587532043457e-8
7.398366332054137e-8
6.428835988044738e-8
5.839213132858276e-8
5.233628749847412e-8
4.634014070034027e-8
4.2821329832077025e-8
4.171449542045593e-8
4.30632084608078e-8
4.589296579360962e-8
4.597414433956146e-8
4.2495363950729365e-8
3.8262414932250975e-8
3.3950263261795045e-8
2.9604500532150268e-8
2.4994035065174103e-8
2.019808292388916e-8
1.6721154749393462e-8
1.4849871397018432e-8
1.4130029082298278e-8
1.3105623424053192e-8
1.1433621495962143e-8
1.0150039196014403e-8
3.3174003474414346e-10
8.721771650016308e-10
1.3039073906838894e-9
1.8482686951756476e-9
2.760498784482479e-9
4.416504874825477e-9
7.424625754356384e-9
1.150793358683586e-8
1.4704887568950653e-8
1.6536895930767058e-8
1.755632013082504e-8
1.906633973121643e-8
2.0503468811511994e-8
2.2347205877304076e-8
2.7278682589530944e-8
3.3969685435295103e-8
3.875680565834045e-8
3.920785784721374e-8
3.5646668076515194e-8
3.164846897125244e-8
2.831965684890747e-8
2.4755071103572845e-8
2.0907744765281677e-8
1.7435529828071592e-8
1.4690120518207549e-8
1.2723374366760253e-8
1.1350598931312561e-8
1.0370993614196777e-8
9.8074272274971e-9
9.59760770201683e-9
9.421101957559584e-9
9.255699813365936e-9
9.399569779634476e-9
9.93015319108963e-9
1.068272292613983e-8
1.1822255700826645e-8
1.357022225856781e-8
1.5761077404022215e-8
1.8634739518165587e-8
2.232498824596405e-8
2.5452062487602234e-8
2.7633026242256163e-8
3.0051884055137636e-8
3.2891377806663513e-8
3.591091632843017e-8
3.90790194272995e-8
4.321282505989075e-8
4.8015582561492917e-8
5.042340755462646e-8
4.983716011047363e-8
4.753138720989227e-8
4.5463612675666805e-8
4.235018491744995e-8
4.2839884757995605e-8
4.333897531032562e-8
4.4782075285911555e-8
4.7671803832054134e-8
4.344222545623779e-8
3.8992223143577575e-8
3.5263168811798094e-8
3.028414249420166e-8
2.5588107109069824e-8
2.386413365602493e-8
2.3495954275131223e-8
2.0418456196784972e-8
1.7648014426231384e-8
1.6621619462966917e-8
1.6040413081645965e-8
1.6058138012886046e-8
1.7062172293663023e-8
1.8279241025447846e-8
2.012459337711334e-8
2.5318172574043272e-8
3.5658854246139524e-8
4.914057552814483e-8
6.374269723892211e-8
7.496132850646972e-8
7.914554476737976e-8
8.130533695220947e-8
7.425421476364136e-8
6.529350280761719e-8
5.910529494285583e-8
5.280071496963501e-8
4.689483046531677e-8
4.348337352275848e-8
4.218747913837433e-8
4.333337843418121e-8
4.5820617675781246e-8
4.559175372123718e-8
4.246741235256195e-8
3.8371738791465756e-8
3.40433269739151e-8
2.9636916518211365e-8
2.4750003218650816e-8
1.9920356571674345e-8
1.6806744039058685e-8
1.5109656751155852e-8
1.4184837043285369e-8
1.3197101652622223e-8
1.1688296496868132e-8
1.0397573560476302e-8
3.1755629461258647e-10
8.539600297808647e-10
1.3142432086169718e-9
1.9119631499052045e-9
2.909548208117485e-9
4.738569632172584e-9
7.902856171131134e-9
1.1672431975603103e-8
1.4402642846107483e-8
1.614203155040741e-8
1.7214959859848022e-8
1.9385159015655517e-8
2.134999334812164e-8
2.2794239223003386e-8
2.7740386128425596e-8
3.483065664768219e-8
3.981169760227203e-8
3.952199816703796e-8
3.526008725166321e-8
3.108729720115662e-8
2.7622586488723752e-8
2.3978464305400846e-8
2.0251888036727903e-8
1.6996644437313078e-8
1.4422564208507537e-8
1.2570865452289581e-8
1.1260033398866654e-8
1.0359910875558852e-8
9.921512752771376e-9
9.712492674589157e-9
9.433434903621673e-9
9.255501627922058e-9
9.45802628993988e-9
1.0033370554447174e-8
1.0781921446323395e-8
1.1891769617795943e-8
1.3638845086097717e-8
1.582152545452118e-8
1.8535889685153962e-8
2.18762144446373e-8
2.4942226707935333e-8
2.751239836215973e-8
3.014965057373047e-8
3.310650587081909e-8
3.587450087070465e-8
3.882051408290863e-8
4.291994273662567e-8
4.704495966434479e-8
4.9823999404907226e-8
4.954364597797394e-8
4.678066968917846e-8
4.478275179862976e-8
4.198642075061798e-8
4.2862063646316527e-8
4.389408826828003e-8
4.453622102737427e-8
4.610731303691864e-8
4.280844926834106e-8
3.924724161624908e-8
3.549281060695648e-8
3.064973354339599e-8
2.6032721996307373e-8
2.397899031639099e-8
2.308787554502487e-8
2.0357972383499144e-8
1.8059478700160978e-8
1.6860687732696533e-8
1.6021308302879332e-8
1.6086804866790772e-8
1.7126640677452087e-8
1.8464845418930052e-8
2.056024968624115e-8
2.5841808319091796e-8
3.606763184070587e-8
4.900815784931183e-8
6.281230449676513e-8
7.325475811958313e-8
7.776477932929993e-8
8.040819764137267e-8
7.452253699302673e-8
6.626239418983459e-8
5.962668061256409e-8
5.305359363555908e-8
4.737620651721954e-8
4.424038231372833e-8
4.281659126281738e-8
4.36937004327774e-8
4.576323330402374e-8
4.5239540934562684e-8
4.244371950626373e-8
3.847414255142212e-8
3.408060073852539e-8
2.9553022980690002e-8
2.4432556331157684e-8
1.963559091091156e-8
1.69015035033226e-8
1.541631817817688e-8
1.4296083152294158e-8
1.3250228762626648e-8
1.1898910254240035e-8
1.068427413702011e-8
3.068691585212946e-10
8.466601371765136e-10
1.335382368415594e-9
1.986022852361202e-9
3.0814075842499733e-9
5.041937530040741e-9
8.229848742485046e-9
1.17885023355484e-8
1.4220975339412689e-8
1.581941694021225e-8
1.707976758480072e-8
1.9667842984199524e-8
2.192130535840988e-8
2.3329588770866394e-8
2.8321564197540283e-8
3.564572930335998e-8
4.0599694848060605e-8
3.976314067840576e-8
3.497340381145477e-8
3.053476512432098e-8
2.694053053855896e-8
2.3279237747192382e-8
1.9663700461387635e-8
1.657782942056656e-8
1.415780633687973e-8
1.2412230670452117e-8
1.1182651668787003e-8
1.0371137410402297e-8
9.998329728841782e-9
9.788849949836731e-9
9.47066992521286e-9
9.281622618436812e-9
9.515593945980072e-9
1.0121069848537444e-8
1.0870295763015746e-8
1.1967375129461288e-8
1.3700880110263824e-8
1.5827970206737517e-8
1.8382850289344786e-8
2.1528780460357665e-8
2.4578258395195007e-8
2.7348557114601132e-8
3.019314110279083e-8
3.3206543326377866e-8
3.58345478773117e-8
3.860434293746948e-8
4.2516496777534484e-8
4.632286727428436e-8
4.922491014003753e-8
4.90609735250473e-8
4.615493714809418e-8
4.4199824333190914e-8
4.165460765361786e-8
4.2841142416000365e-8
4.406889975070953e-8
4.4236063957214355e-8
4.513213038444519e-8
4.219856262207031e-8
3.9218193292617795e-8
3.5715478658676146e-8
3.0971765518188475e-8
2.634756863117218e-8
2.4091437458992004e-8
2.295839637517929e-8
2.0292858779430387e-8
1.823781430721283e-8
1.70951709151268e-8
1.6117712855339048e-8
1.6114228963851927e-8
1.720639020204544e-8
1.8656910955905914e-8
2.0905280113220215e-8
2.6275619864463804e-8
3.638123869895935e-8
4.8871266841888427e-8
6.200365424156189e-8
7.183472514152527e-8
7.654706835746765e-8
7.95935034751892e-8
7.46188759803772e-8
6.689790487289428e-8
6.01456344127655e-8
5.344581007957458e-8
4.786719977855682e-8
4.4873037934303284e-8
4.3382745981216426e-8
4.403236508369445e-8
4.5779749751091e-8
4.50652539730072e-8
4.238068163394928e-8
3.85099321603775e-8
3.4090110659599305e-8
2.944754064083099e-8
2.4213649332523345e-8
1.9453850388526914e-8
1.690395176410675e-8
1.5584924817085266e-8
1.4466571807861328e-8
1.3365405797958374e-8
1.2064428627490996e-8
1.0941054672002791e-8
2.9978444799780844e-10
8.479058742523193e-10
1.3666670769453047e-9
2.0740456879138947e-9
3.2577596604824066e-9
5.300286412239074e-9
8.482708781957626e-9
1.1878833174705505e-8
1.4092648029327392e-8
1.5614697337150573e-8
1.7032133042812347e-8
1.9916176795959472e-8
2.2403042018413542e-8
2.386619299650192e-8
2.894519567489624e-8
3.6396339535713197e-8
4.1235628724098205e-8
3.994808197021484e-8
3.4714064002037044e-8
3.0009761452674863e-8
2.6294726133346557e-8
2.2638024389743803e-8
1.9125452637672422e-8
1.6183531284332275e-8
1.3897661864757538e-8
1.2257283926010132e-8
1.1115737259387969e-8
1.038030833005905e-8
1.0054906457662581e-8
9.850748628377914e-9
9.51521173119545e-9
9.32270437479019e-9
9.57464575767517e-9
1.0199622809886932e-8
1.0952400416135787e-8
1.2039240449666976e-8
1.3745059072971343e-8
1.5797799825668334e-8
1.822330355644226e-8
2.1246340870857237e-8
2.4289138615131378e-8
2.7187567949295042e-8
3.018085360527038e-8
3.32381010055542e-8
3.577455878257751e-8
3.8387289643287656e-8
4.2104944586753845e-8
4.5718964934349056e-8
4.863174557685852e-8
4.851277768611908e-8
4.558464586734771e-8
4.368692338466644e-8
4.134202301502227e-8
4.274510443210601e-8
4.4047221541404724e-8
4.392630159854889e-8
4.444775879383087e-8
4.1670569777488705e-8
3.9073425531387326e-8
3.5856732726097106e-8
3.123777508735657e-8
2.6597523689270018e-8
2.4217282235622406e-8
2.293923795223236e-8
2.0269036293029783e-8
1.8330274522304534e-8
1.7268209159374235e-8
1.6250573098659513e-8
1.618574559688568e-8
1.7294776439666747e-8
1.88380554318428e-8
2.119838297367096e-8
2.6627367734909057e-8
3.6622220277786254e-8
4.873159229755402e-8
6.129794120788574e-8
7.064031958580017e-8
7.546680569648743e-8
7.884181141853333e-8
7.459020614624023e-8
6.732327342033386e-8
6.062506437301635e-8
5.389284491539001e-8
4.8362565040588374e-8
4.5437923073768614e-8
4.389198124408722e-8
4.4358634948730465e-8
4.585813283920288e-8
4.498852789402008e-8
4.2323336005210876e-8
3.8505321741104125e-8
3.406956195831299e-8
2.934827208518982e-8
2.4051296710968016e-8
1.9319702684879304e-8
1.687804013490677e-8
1.5683257579803467e-8
1.4618799090385437e-8
1.3513489067554473e-8
1.2228281795978545e-8
1.1165610700845718e-8
2.9601743444800374e-10
8.558018133044243e-10
1.4100776053965092e-9
2.1747902035713194e-9
3.429581224918365e-9
5.521652474999428e-9
8.657571673393249e-9
1.1875431984663009e-8
1.3935358822345732e-8
1.541709303855896e-8
1.693306416273117e-8
2.0160506665706635e-8
2.299966812133789e-8
2.443534731864929e-8
2.9545184969902038e-8
3.716672658920288e-8
4.18305367231369e-8
4.0012758970260615e-8
3.443316519260406e-8
2.9548701643943784e-8
2.5735241174697874e-8
2.206968069076538e-8
1.8644551932811737e-8
1.5819130837917327e-8
1.3650761544704436e-8
1.2110371887683868e-8
1.1049913614988326e-8
1.0380563884973525e-8
1.0086352378129958e-8
9.88885536789894e-9
9.565874934196471e-9
9.38459187746048e-9
9.642701596021652e-9
1.0256120562553406e-8
1.0998372733592986e-8
1.2084341794252396e-8
1.376919001340866e-8
1.5744976699352265e-8
1.806824952363968e-8
2.0994819700717924e-8
2.4042288959026337e-8
2.705385982990265e-8
3.0113765597343446e-8
3.3142849802970885e-8
3.5666975378990175e-8
3.819696605205536e-8
4.169363677501678e-8
4.5136559009552e-8
4.808770716190338e-8
4.8072779178619385e-8
4.5113921165466305e-8
4.322398900985718e-8
4.1041287779808044e-8
4.24882024526596e-8
4.38065767288208e-8
4.365793466567993e-8
4.402548372745514e-8
4.129623770713806e-8
3.889475464820862e-8
3.596122562885284e-8
3.144779503345489e-8
2.6793619990348814e-8
2.4362555146217344e-8
2.2932545840740202e-8
2.0283435285091398e-8
1.842258870601654e-8
1.7375256121158597e-8
1.6390489041805265e-8
1.630167067050934e-8
1.739624738693237e-8
1.9046637415885923e-8
2.1559096872806547e-8
2.7035391330718994e-8
3.68102490901947e-8
4.850515425205231e-8
6.053043007850647e-8
6.944742798805237e-8
7.440369725227355e-8
7.815155982971192e-8
7.453571557998657e-8
6.762409806251526e-8
6.099430322647095e-8
5.434656143188476e-8
4.8955962061882016e-8
4.6020346879959105e-8
4.4383046030998225e-8
4.470486044883728e-8
4.5930004119873045e-8
4.4936895370483394e-8
4.2276248335838314e-8
3.8464659452438355e-8
3.402305841445923e-8
2.9232117533683777e-8
2.394101470708847e-8
1.925828158855438e-8
1.6851010918617246e-8
1.5727218985557555e-8
1.4713375270366668e-8
1.3662551343441008e-8
1.2416481971740723e-8
1.1374010145664214e-8
2.949477173388004e-10
8.644063957035541e-10
1.473100297152996e-9
2.3058706894516942e-9
3.617038950324058e-9
5.700608715415001e-9
8.586356788873672e-9
1.1347596347332e-8
1.3285712897777556e-8
1.4739635586738585e-8
1.613725870847702e-8
2.0374831557273863e-8
2.46372252702713e-8
2.528282105922699e-8
3.0057859420776363e-8
3.846575021743774e-8
4.2735102772712706e-8
3.95948052406311e-8
3.39689701795578e-8
2.9348418116569518e-8
2.5515806674957274e-8
2.171112447977066e-8
1.8310356140136718e-8
1.5525999665260315e-8
1.3440923392772675e-8
1.1980026215314864e-8
1.0967084020376205e-8
1.0345891863107681e-8
1.002296507358551e-8
9.8184734582901e-9
9.631665796041488e-9
9.539436548948287e-9
9.757450222969054e-9
1.0191969573497772e-8
1.0838159173727035e-8
1.199522241950035e-8
1.3765250146389007e-8
1.5663565695285798e-8
1.7910249531269073e-8
2.0690558850765227e-8
2.3788882791996e-8
2.7051630616188048e-8
2.990062236785889e-8
3.251129984855652e-8
3.5373750329017636e-8
3.8208115100860594e-8
4.119750261306763e-8
4.433771073818206e-8
4.7796681523323056e-8
4.8469528555870055e-8
4.5117244124412535e-8
4.283580482006073e-8
4.076667428016662e-8
4.154972434043884e-8
4.277922809123993e-8
4.3633043766021725e-8
4.439812302589416e-8
4.149450063705444e-8
3.88030469417572e-8
3.627001643180847e-8
3.165405988693237e-8
2.687932252883911e-8
2.457449585199356e-8
2.2684134542942047e-8
2.0335759222507476e-8
1.868850439786911e-8
1.733875423669815e-8
1.6571490466594694e-8
1.652708947658539e-8
1.749938130378723e-8
1.952762007713318e-8
2.264987379312515e-8
2.8181630373001098e-8
3.696409463882446e-8
4.766979217529297e-8
5.8813142776489255e-8
6.722242832183837e-8
7.275174260139466e-8
7.753824591636657e-8
7.481807470321655e-8
6.793195009231567e-8
6.094263195991515e-8
5.4763925075531006e-8
5.0234490633010865e-8
4.698991775512695e-8
4.502173066139221e-8
4.522225260734558e-8
4.569769203662872e-8
4.467295408248901e-8
4.219167530536651e-8
3.830963671207428e-8
3.39168518781662e-8
2.8966084122657775e-8
2.3960918188095093e-8
1.9510118663311003e-8
1.68803870677948e-8
1.565052419900894e-8
1.4579886198043823e-8
1.3776418566703796e-8
1.2735421955585478e-8
1.1610641330480575e-8
2.955705393105745e-10
8.88053048402071e-10
1.5420100651681422e-9
2.4308785796165464e-9
3.776315599679946e-9
5.7973705232143395e-9
8.459367603063584e-9
1.0939817130565642e-8
1.2696683406829833e-8
1.409003436565399e-8
1.5683096647262572e-8
2.0577947795391083e-8
2.5639274716377258e-8
2.622379660606384e-8
3.0874222517013546e-8
3.9490541815757747e-8
4.3360611796379085e-8
3.947842717170715e-8
3.3642897009849546e-8
2.9086977243423462e-8
2.5244095921516417e-8
2.1394696831703186e-8
1.7991644144058227e-8
1.5259960293769836e-8
1.3243140280246733e-8
1.1847668886184692e-8
1.0888580977916717e-8
1.0287620872259139e-8
9.966962039470672e-9
9.799914062023163e-9
9.689278155565261e-9
9.650259464979172e-9
9.818094223737715e-9
1.0148835927248e-8
1.0736291855573654e-8
1.1914648115634918e-8
1.3709230720996856e-8
1.5579669177532195e-8
1.774107366800308e-8
2.0454198122024535e-8
2.3585984110832215e-8
2.6910752058029174e-8
2.9641813039779663e-8
3.209637403488159e-8
3.506767749786377e-8
3.7999522686004635e-8
4.076861143112182e-8
4.378133416175842e-8
4.7525909543037414e-8
4.856863915920257e-8
4.508532583713531e-8
4.256587028503418e-8
4.035779535770416e-8
4.081088900566101e-8
4.203943610191345e-8
4.341524541378021e-8
4.4561025500297544e-8
4.165902137756347e-8
3.888384401798248e-8
3.645311594009399e-8
3.185085356235504e-8
2.701742351055145e-8
2.464770972728729e-8
2.266359031200409e-8
2.0338398218154905e-8
1.8803459405899046e-8
1.7455995082855224e-8
1.6682749986648558e-8
1.670866012573242e-8
1.7743869125843048e-8
2.0021018385887144e-8
2.3512455821037293e-8
2.9027283191680906e-8
3.716541826725006e-8
4.699406623840332e-8
5.732518434524536e-8
6.53240978717804e-8
7.124707698822021e-8
7.680094838142395e-8
7.481482625007629e-8
6.811248660087585e-8
6.108416318893433e-8
5.524688363075256e-8
5.1197236776351927e-8
4.790760576725006e-8
4.570178389549255e-8
4.56333577632904e-8
4.566299617290496e-8
4.4497755169868464e-8
4.205332100391388e-8
3.8173478841781615e-8
3.376811444759369e-8
2.8826597332954405e-8
2.39478662610054e-8
1.961638480424881e-8
1.6955208778381346e-8
1.5610510110855102e-8
1.4529559016227722e-8
1.383204311132431e-8
1.2951500713825226e-8
1.186678111553192e-8
2.992683555930853e-10
9.192828088998794e-10
1.6150424256920813e-9
2.5460943579673768e-9
3.898423165082932e-9
5.84079772233963e-9
8.320930600166321e-9
1.0577179491519928e-8
1.217542216181755e-8
1.3548509776592255e-8
1.536273956298828e-8
2.074517160654068e-8
2.6406896114349365e-8
2.710284888744354e-8
3.174990117549896e-8
4.038747549057007e-8
4.388951063156128e-8
3.948120772838592e-8
3.3408910036087034e-8
2.8814604878425596e-8
2.49561533331871e-8
2.1088847517967224e-8
1.76978200674057e-8
1.5011599659919736e-8
1.3055825233459472e-8
1.1719179898500442e-8
1.080317348241806e-8
1.0225236415863036e-8
9.924825280904769e-9
9.798217564821242e-9
9.742783010005951e-9
9.725380688905716e-9
9.855085611343383e-9
1.011698767542839e-8
1.066279411315918e-8
1.1838073283433913e-8
1.3635991513729095e-8
1.5478631854057313e-8
1.758306473493576e-8
2.0253418385982512e-8
2.3389650881290434e-8
2.671591341495514e-8
2.93781578540802e-8
3.1761902570724485e-8
3.475768566131592e-8
3.7707620859146114e-8
4.037637114524841e-8
4.3348067998886106e-8
4.726103842258453e-8
4.85200822353363e-8
4.500105381011963e-8
4.231918156147003e-8
3.994209170341492e-8
4.0199729800224304e-8
4.144784510135651e-8
4.313171803951263e-8
4.4587054848670955e-8
4.178098440170288e-8
3.9007139205932617e-8
3.661424219608307e-8
3.202363848686218e-8
2.7149835228919983e-8
2.4721570312976838e-8
2.2684814035892486e-8
2.036149501800537e-8
1.8876807391643523e-8
1.7566873133182524e-8
1.6810517013072967e-8
1.6880251467227937e-8
1.802500784397125e-8
2.051187604665756e-8
2.4225910007953642e-8
2.969250679016113e-8
3.7345215678215026e-8
4.643149673938751e-8
5.6047153472900385e-8
6.3690847158432e-8
6.986519694328308e-8
7.598826885223389e-8
7.462261915206908e-8
6.819923520088196e-8
6.129829883575439e-8
5.573939085006714e-8
5.200416445732117e-8
4.874503910541534e-8
4.636443257331848e-8
4.602872729301452e-8
4.573045074939728e-8
4.439379870891571e-8
4.1916164755821226e-8
3.803443908691406e-8
3.362961113452911e-8
2.8721272945404052e-8
2.3924314975738525e-8
1.966702491044998e-8
1.7009265720844267e-8
1.561383605003357e-8
1.451152116060257e-8
1.3878723978996276e-8
1.3110002875328063e-8
1.2104011327028274e-8
3.058443544432521e-10
9.555067867040634e-10
1.6881290823221206e-9
2.6468757539987563e-9
3.988280892372131e-9
5.8509282767772675e-9
8.174829930067061e-9
1.024719625711441e-8
1.1722026765346526e-8
1.3101039826869963e-8
1.5116737782955167e-8
2.0889726281166074e-8
2.7048796415328978e-8
2.790444493293762e-8
3.259633183479309e-8
4.120864570140839e-8
4.4380405545234676e-8
3.9543455839157104e-8
3.323153257369995e-8
2.8552806377410887e-8
2.4665188789367675e-8
2.0793002843856812e-8
1.7421989142894745e-8
1.47793248295784e-8
1.287802904844284e-8
1.1592455208301543e-8
1.0715214163064955e-8
1.0164572298526763e-8
9.892106801271439e-9
9.804482012987137e-9
9.787055850028992e-9
9.778963774442673e-9
9.877868741750718e-9
1.0091616958379745e-8
1.0603334009647369e-8
1.1765698343515395e-8
1.3553078472614287e-8
1.5369765460491178e-8
1.7433632910251616e-8
2.0070761442184446e-8
2.3193204402923584e-8
2.6500120759010313e-8
2.9117342829704283e-8
3.1459754705429076e-8
3.444735407829285e-8
3.7387216091156004e-8
4.000918865203857e-8
4.29782748222351e-8
4.699622392654419e-8
4.838960766792297e-8
4.486776292324066e-8
4.207107722759247e-8
3.955083787441253e-8
3.9677655696868894e-8
4.094462990760803e-8
4.282830655574798e-8
4.452881217002868e-8
4.185645580291748e-8
3.91302227973938e-8
3.6767241358757015e-8
3.217942416667938e-8
2.7274271845817564e-8
2.4802355468273162e-8
2.272718846797943e-8
2.0397330820560454e-8
1.8940089643001555e-8
1.7665062844753264e-8
1.694003194570541e-8
1.706067472696304e-8
1.831417679786682e-8
2.0978468656539917e-8
2.4838598072528836e-8
3.0235204100608824e-8
3.749118149280548e-8
4.5952305197715755e-8
5.4947429895401e-8
6.227264404296875e-8
6.859235167503356e-8
7.513698935508728e-8
7.430408000946045e-8
6.821002960205078e-8
6.152390837669372e-8
5.621536970138549e-8
5.271680355072021e-8
4.950733184814453e-8
4.6994873881340026e-8
4.6427369117736817e-8
4.5860877633094785e-8
4.4346770644187925e-8
4.17985051870346e-8
3.7900897860527036e-8
3.350294232368469e-8
2.8630003333091736e-8
2.3893308639526366e-8
1.968913674354553e-8
1.704636216163635e-8
1.563195288181305e-8
1.4518463611602783e-8
1.3923552632331847e-8
1.3238835334777832e-8
1.2311160564422606e-8
3.227843204513192e-10
1.014657225459814e-9
1.7843591049313544e-9
2.756046876311302e-9
4.0655862540006634e-9
5.855347588658332e-9
7.933709025382995e-9
9.75075215101242e-9
1.1123928427696228e-8
1.2621845304965973e-8
1.4973364770412446e-8
2.1437399089336393e-8
2.7633741497993468e-8
2.8294679522514343e-8
3.386711478233337e-8
4.254694879055023e-8
4.4414064288139344e-8
3.9311605691909786e-8
3.297376930713653e-8
2.834060490131378e-8
2.435740679502487e-8
2.0527100563049314e-8
1.717161238193512e-8
1.4591178297996521e-8
1.2788768112659453e-8
1.1540592461824417e-8
1.0672226548194885e-8
1.0147346556186676e-8
9.88624393939972e-9
9.807615727186203e-9
9.797963500022887e-9
9.7812220454216e-9
9.866166859865187e-9
1.0108482092618942e-8
1.065646857023239e-8
1.1758271604776381e-8
1.3454729318618774e-8
1.5292638540267945e-8
1.743616461753845e-8
2.016712725162506e-8
2.312442809343338e-8
2.6063120365142823e-8
2.8609725832939147e-8
3.116722106933594e-8
3.4255883097648617e-8
3.722154498100281e-8
3.9721331000328065e-8
4.222999811172485e-8
4.5969092845916746e-8
4.846344292163849e-8
4.5615285634994505e-8
4.178171455860138e-8
3.889646232128143e-8
3.896118998527527e-8
4.0099889039993285e-8
4.2243683338165284e-8
4.425614476203918e-8
4.173842966556549e-8
3.912916481494903e-8
3.648581802845001e-8
3.225152492523193e-8
2.7791476249694824e-8
2.5267937779426574e-8
2.334666550159454e-8
2.0906852185726164e-8
1.8940871953964232e-8
1.768922060728073e-8
1.7245925962924955e-8
1.7391397058963774e-8
1.890573501586914e-8
2.1852463483810424e-8
2.515866458415985e-8
2.998071908950806e-8
3.697630763053894e-8
4.527066946029663e-8
5.418771505355835e-8
6.088719367980957e-8
6.70868456363678e-8
7.431216239929198e-8
7.418111562728882e-8
6.817589998245238e-8
6.172398924827575e-8
5.683120489120483e-8
5.330908894538879e-8
5.0234705209732056e-8
4.804149270057678e-8
4.7040459513664245e-8
4.567974507808685e-8
4.378212988376617e-8
4.127133786678314e-8
3.759121298789978e-8
3.328926861286163e-8
2.856065034866333e-8
2.406902015209198e-8
1.9794413447380066e-8
1.7091739177703857e-8
1.5709999203681946e-8
1.48244708776474e-8
1.4265738427639007e-8
1.3443166017532348e-8
1.254853755235672e-8
3.4670268651098014e-10
1.086835842579603e-9
1.8883254379034042e-9
2.860505878925323e-9
4.131314530968666e-9
5.813592672348022e-9
7.644710689783096e-9
9.215658158063888e-9
1.0505385696887969e-8
1.2144455313682556e-8
1.4898915588855743e-8
2.2012066841125488e-8
2.8197503089904784e-8
2.874821126461029e-8
3.5180842876434326e-8
4.386794567108154e-8
4.4416558742523195e-8
3.897604644298553e-8
3.268343508243561e-8
2.8106886148452756e-8
2.4072635173797608e-8
2.0270706713199613e-8
1.695104241371155e-8
1.4445030689239501e-8
1.273626834154129e-8
1.1525044590234756e-8
1.0662966966629028e-8
1.0151471197605132e-8
9.892597049474717e-9
9.807588160037993e-9
9.788314253091812e-9
9.759297221899031e-9
9.853793680667876e-9
1.0152982175350189e-8
1.0739815235137939e-8
1.17746002972126e-8
1.3386279344558715e-8
1.525855213403702e-8
1.7527858912944794e-8
2.033947557210922e-8
2.3063302040100098e-8
2.559438943862915e-8
2.805356681346893e-8
3.084961473941803e-8
3.409909009933471e-8
3.709259629249573e-8
3.938715159893036e-8
4.135439097881317e-8
4.4846624135971066e-8
4.853197038173675e-8
4.644637405872345e-8
4.158168733119965e-8
3.821226358413696e-8
3.813222646713257e-8
3.9142888784408565e-8
4.149773120880127e-8
4.3810892105102534e-8
4.147645831108093e-8
3.897941708564758e-8
3.611675798892975e-8
3.226159811019897e-8
2.8369703888893127e-8
2.5987493991851806e-8
2.4233920872211456e-8
2.161322832107544e-8
1.9093739986419678e-8
1.7743028700351714e-8
1.757092624902725e-8
1.7862339317798613e-8
1.965987831354141e-8
2.2751519083976745e-8
2.5347185134887695e-8
2.9446887969970703e-8
3.615318238735199e-8
4.4459006190299984e-8
5.346137881278991e-8
5.9570240974426266e-8
6.561527848243713e-8
7.348597049713135e-8
7.404534220695495e-8
6.81278645992279e-8
6.192822456359863e-8
5.7437771558761593e-8
5.388592481613159e-8
5.099143981933594e-8
4.9156221747398375e-8
4.768044650554657e-8
4.542615413665771e-8
4.304879903793335e-8
4.055704176425934e-8
3.7140139937400816e-8
3.302112817764282e-8
2.8500649333000183e-8
2.426486611366272e-8
1.996067315340042e-8
1.7182521522045135e-8
1.5849623084068297e-8
1.5207648277282714e-8
1.4742307364940642e-8
1.3765841722488402e-8
1.2815584242343902e-8
3.719659987837076e-10
1.1562820523977279e-9
1.980800554156303e-9
2.9473157599568367e-9
4.168807342648506e-9
5.726827308535576e-9
7.3679059743881225e-9
8.760566264390946e-9
9.990480542182922e-9
1.174238696694374e-8
1.482514590024948e-8
2.2363755106925964e-8
2.877606451511383e-8
2.9425403475761413e-8
3.6232289671897886e-8
4.485291540622711e-8
4.463695287704468e-8
3.877497017383575e-8
3.2422265410423276e-8
2.784375250339508e-8
2.3809041082859037e-8
2.0022618770599365e-8
1.675312966108322e-8
1.4317032694816589e-8
1.2672848999500274e-8
1.1501139402389526e-8
1.0656508058309554e-8
1.0152502357959747e-8
9.895623475313186e-9
9.80556234717369e-9
9.777124971151352e-9
9.745322167873383e-9
9.859842807054519e-9
1.0193697363138198e-8
1.0786198079586028e-8
1.1781736463308334e-8
1.3357430696487426e-8
1.5256418287754058e-8
1.7599618434906006e-8
2.04060360789299e-8
2.2946146130561827e-8
2.5233179330825803e-8
2.761504054069519e-8
3.05188924074173e-8
3.3885246515274045e-8
3.687725365161896e-8
3.8977542519569394e-8
4.0636119246482844e-8
4.4100987911224365e-8
4.845176041126251e-8
4.6765041351318355e-8
4.1467437148094175e-8
3.7682873010635375e-8
3.7378907203674313e-8
3.830950260162353e-8
4.077341258525848e-8
4.329785108566284e-8
4.115925133228302e-8
3.875407576560974e-8
3.590359091758728e-8
3.227965533733368e-8
2.876686453819275e-8
2.666645050048828e-8
2.502116858959198e-8
2.2248417139053345e-8
1.9421680271625517e-8
1.7913198471069337e-8
1.784384250640869e-8
1.8343856930732725e-8
2.034274637699127e-8
2.3420114815235136e-8
2.556406855583191e-8
2.9106441140174865e-8
3.5473424196243285e-8
4.366452097892761e-8
5.259714722633362e-8
5.8380502462387085e-8
6.437479257583618e-8
7.264504432678223e-8
7.373396754264831e-8
6.805840730667114e-8
6.213523745536804e-8
5.7935625314712524e-8
5.449038743972778e-8
5.175646543502807e-8
5.0041621923446655e-8
4.820814430713653e-8
4.531782567501068e-8
4.251295626163482e-8
3.994249701499939e-8
3.66726279258728e-8
3.2744735479354855e-8
2.8422138094902037e-8
2.4353648722171782e-8
2.0105697214603425e-8
1.730876863002777e-8
1.601486951112747e-8
1.5500004589557647e-8
1.5147939324378968e-8
1.4138977229595183e-8
1.3105499744415282e-8
3.976098727434873e-10
1.2212181463837623e-9
2.0622195675969124e-9
3.0150849372148514e-9
4.1771728545427324e-9
5.6200452148914335e-9
7.105406373739243e-9
8.366107195615769e-9
9.556543081998825e-9
1.140221282839775e-8
1.4735738933086394e-8
2.262841761112213e-8
2.934580147266388e-8
3.0124709010124204e-8
3.713751435279846e-8
4.567959010601043e-8
4.492832124233246e-8
3.8674694299697875e-8
3.219211399555206e-8
2.758505642414093e-8
2.355164438486099e-8
1.979096531867981e-8
1.6571687161922455e-8
1.4197131991386413e-8
1.2607307732105254e-8
1.1472661048173904e-8
1.0647661983966826e-8
1.0151877254247665e-8
9.895963966846465e-9
9.801507741212844e-9
9.767840802669524e-9
9.740094095468521e-9
9.872789680957794e-9
1.0225480049848555e-8
1.0815934836864472e-8
1.1788396537303923e-8
1.3349643349647522e-8
1.5269556641578675e-8
1.764242798089981e-8
2.0411370694637296e-8
2.2808963060379027e-8
2.4931736290454863e-8
2.7247175574302674e-8
3.019667565822601e-8
3.362703323364258e-8
3.659741878509521e-8
3.8549691438674924e-8
4.00412380695343e-8
4.3542996048927303e-8
4.827532470226288e-8
4.682977795600891e-8
4.132823944091797e-8
3.724265694618225e-8
3.671766221523285e-8
3.756540417671203e-8
4.007915258407592e-8
4.2749544978141785e-8
4.079335033893585e-8
3.850155770778656e-8
3.5740724205970765e-8
3.2307443022727964e-8
2.9081931710243224e-8
2.7251240611076353e-8
2.57354736328125e-8
2.2861278057098386e-8
1.981874406337738e-8
1.817282289266586e-8
1.8140000104904173e-8
1.8796277046203613e-8
2.0945385098457337e-8
2.3980376124382018e-8
2.5775107741355894e-8
2.8878694772720337e-8
3.490739464759827e-8
4.290428757667541e-8
5.1689696311950684e-8
5.7284164428710934e-8
6.327405571937561e-8
7.180697321891785e-8
7.332385182380677e-8
6.795105338096619e-8
6.231623291969299e-8
5.837212800979614e-8
5.5083370208740235e-8
5.2482998371124263e-8
5.079224109649658e-8
4.866658747196197e-8
4.529256522655487e-8
4.211875796318054e-8
3.9422225952148435e-8
3.622629344463348e-8
3.2459032535552976e-8
2.8312307596206663e-8
2.4387519061565397e-8
2.021394670009613e-8
1.7442065477371215e-8
1.6185569763183593e-8
1.5758068859577177e-8
1.5500891208648682e-8
1.45077645778656e-8
1.3424214720726013e-8
4.232630133628845e-10
1.2847132049500942e-9
2.1372374147176743e-9
3.0693264678120614e-9
4.1705422103405e-9
5.5001150816679e-9
6.841295212507248e-9
7.986275106668472e-9
9.188166260719298e-9
1.1160134524106978e-8
1.492443084716797e-8
2.3123776912689208e-8
2.952909469604492e-8
3.071874678134918e-8
3.7905135750770565e-8
4.6269959211349484e-8
4.517057538032531e-8
3.865210115909576e-8
3.2081860303878785e-8
2.7404502034187315e-8
2.3323471844196318e-8
1.956796795129776e-8
1.640059947967529e-8
1.4084942638874053e-8
1.2541228532791137e-8
1.1439923197031021e-8
1.063959151506424e-8
1.015898510813713e-8
9.90380123257637e-9
9.798316657543183e-9
9.755951166152953e-9
9.73045378923416e-9
9.876964986324309e-9
1.0245779156684874e-8
1.0837568342685698e-8
1.1791890859603881e-8
1.3342861831188201e-8
1.5283994376659393e-8
1.766398251056671e-8
2.0385687053203583e-8
2.2677718102931976e-8
2.4739675223827362e-8
2.70223468542099e-8
2.991305887699127e-8
3.334394693374634e-8
3.628342449665069e-8
3.8076278567314146e-8
3.9476358890533446e-8
4.289525747299194e-8
4.770935177803039e-8
4.6966260671615596e-8
4.130806624889374e-8
3.686765432357788e-8
3.6188697814941403e-8
3.694823682308197e-8
3.9336290955543515e-8
4.202577769756317e-8
4.037969410419464e-8
3.817753195762634e-8
3.5622063279151913e-8
3.241801559925079e-8
2.9439976811408995e-8
2.7944517135620117e-8
2.6477107405662535e-8
2.3410595953464507e-8
2.018170952796936e-8
1.844859719276428e-8
1.8516039848327635e-8
1.935063600540161e-8
2.1537256240844725e-8
2.440221607685089e-8
2.5944936275482178e-8
2.871536910533905e-8
3.4411215782165525e-8
4.221171736717224e-8
5.069635510444641e-8
5.6178206205368036e-8
6.234399080276488e-8
7.114222049713135e-8
7.29063093662262e-8
6.771178841590881e-8
6.23556911945343e-8
5.87123692035675e-8
5.570171475410461e-8
5.3229022026062006e-8
5.141279101371765e-8
4.895399212837219e-8
4.519087374210358e-8
4.1778600215911866e-8
3.898196220397949e-8
3.579293787479401e-8
3.2193052768707274e-8
2.820960283279419e-8
2.4386343359947204e-8
2.0269633829593658e-8
1.754561960697174e-8
1.63530632853508e-8
1.601627618074417e-8
1.5832512080669403e-8
1.4846888184547424e-8
1.3753405213356018e-8
4.5170336961746213e-10
1.3688701204955577e-9
2.237422205507755e-9
3.146574646234512e-9
4.186616092920303e-9
5.3535521030426026e-9
6.470856070518493e-9
7.442235946655273e-9
8.862282335758208e-9
1.137734055519104e-8
1.7197413742542266e-8
2.4957697093486785e-8
2.7577123045921324e-8
3.047046363353729e-8
3.832898437976837e-8
4.585122466087341e-8
4.489539861679077e-8
3.8763418793678284e-8
3.257494866847992e-8
2.7681821584701538e-8
2.3238687217235565e-8
1.9329124689102172e-8
1.6224634647369385e-8
1.3988226652145385e-8
1.2474521994590759e-8
1.1398902535438537e-8
1.0654710978269577e-8
1.023193821310997e-8
9.97309535741806e-9
9.803873300552367e-9
9.705737978219986e-9
9.654704481363296e-9
9.812882542610168e-9
1.0230243951082229e-8
1.085292175412178e-8
1.1761003732681274e-8
1.3272252678871154e-8
1.5287517011165617e-8
1.7688314616680144e-8
2.037759721279144e-8
2.2651144862174986e-8
2.5067129731178282e-8
2.74772047996521e-8
2.983134388923645e-8
3.307645916938782e-8
3.59633207321167e-8
3.726910352706909e-8
3.854090869426727e-8
4.104353189468384e-8
4.5038911700248714e-8
4.836473762989044e-8
4.228312671184539e-8
3.6639946699142456e-8
3.610101342201233e-8
3.6730819940567015e-8
3.80751758813858e-8
4.026386737823486e-8
3.979223072528839e-8
3.7486743927001954e-8
3.5679051280021665e-8
3.307751417160034e-8
3.0431416630744934e-8
2.992378771305084e-8
2.7819910645484923e-8
2.363196313381195e-8
2.006123811006546e-8
1.8467360734939573e-8
1.926874816417694e-8
2.0762166380882262e-8
2.2407920658588408e-8
2.430741637945175e-8
2.582515776157379e-8
2.8549367189407348e-8
3.387969434261322e-8
4.16841983795166e-8
4.9125906825065613e-8
5.459747910499572e-8
6.202058792114258e-8
7.158699035644532e-8
7.276998162269592e-8
6.683529019355773e-8
6.164727210998535e-8
5.868423581123352e-8
5.66608726978302e-8
5.438776612281799e-8
5.166795253753662e-8
4.8345613479614255e-8
4.4250246882438655e-8
4.1163137555122375e-8
3.8566696643829346e-8
3.525606393814087e-8
3.206912875175476e-8
2.830752730369568e-8
2.439006119966507e-8
2.016334980726242e-8
1.7504605650901793e-8
1.65007546544075e-8
1.638965755701065e-8
1.6225847601890565e-8
1.508943736553192e-8
1.4042015373706818e-8
4.816879518330097e-10
1.4437058940529822e-9
2.321740239858627e-9
3.2038033008575438e-9
4.160415753722191e-9
5.186144635081291e-9
6.136621534824371e-9
7.055892050266265e-9
8.637623488903045e-9
1.1906758695840834e-8
1.863729953765869e-8
2.58731335401535e-8
2.718360126018524e-8
3.0163052678108214e-8
3.830522298812866e-8
4.5626980066299435e-8
4.4736579060554505e-8
3.890446722507477e-8
3.2883858680725095e-8
2.7868056297302245e-8
2.3184072971343993e-8
1.915910392999649e-8
1.6069330275058745e-8
1.3885088264942168e-8
1.2410907447338104e-8
1.1374333500862121e-8
1.0678254812955855e-8
1.0287187993526458e-8
1.0016084462404251e-8
9.802705794572829e-9
9.660683572292328e-9
9.59252193570137e-9
9.766053408384323e-9
1.0212815552949905e-8
1.0842253267765045e-8
1.1730380356311798e-8
1.3239310681819915e-8
1.5277180075645445e-8
1.7696343362331388e-8
2.0380525290966035e-8
2.2737735509872435e-8
2.5324490666389463e-8
2.772241234779358e-8
2.98213392496109e-8
3.2847604155540465e-8
3.552579879760742e-8
3.653005957603454e-8
3.748344779014587e-8
3.947071731090546e-8
4.343485832214355e-8
4.866394102573395e-8
4.28786426782608e-8
3.6732566356658935e-8
3.5977503657341e-8
3.6320087313652034e-8
3.70713859796524e-8
3.893944323062897e-8
3.89153927564621e-8
3.693881630897522e-8
3.5620534420013425e-8
3.3595606684684755e-8
3.147694170475006e-8
3.145768046379089e-8
2.9094314575195312e-8
2.4126814305782317e-8
2.0132263004779816e-8
1.866028010845184e-8
1.9967488944530485e-8
2.181284427642822e-8
2.3146772384643553e-8
2.4490725994110106e-8
2.5730803608894346e-8
2.830788195133209e-8
3.3426421880722044e-8
4.09748762845993e-8
4.7844353318214414e-8
5.338034033775329e-8
6.154065132141112e-8
7.163026928901672e-8
7.253543734550476e-8
6.62103533744812e-8
6.115321516990661e-8
5.8704441785812376e-8
5.735560655593872e-8
5.520876049995422e-8
5.1908594369888305e-8
4.7930327057838435e-8
4.354228377342224e-8
4.0543356537818907e-8
3.807782530784607e-8
3.484656810760498e-8
3.186789155006408e-8
2.829422652721405e-8
2.4393287301063535e-8
2.011786848306656e-8
1.7478646337985992e-8
1.660173237323761e-8
1.665915697813034e-8
1.658279150724411e-8
1.5400302410125732e-8
1.4319419860839843e-8
5.110008642077445e-10
1.5101020224392414e-9
2.3906005546450614e-9
3.2345253974199296e-9
4.107829928398132e-9
5.011877045035362e-9
5.855775251984596e-9
6.763177365064621e-9
8.567652851343155e-9
1.2376461923122406e-8
1.9632227718830106e-8
2.6615038514137266e-8
2.720696926116943e-8
2.9984927177429196e-8
3.816864490509033e-8
4.545394778251648e-8
4.465717673301696e-8
3.902604281902313e-8
3.30972284078598e-8
2.7989348769187925e-8
2.314402759075165e-8
1.9027213752269744e-8
1.5934908390045167e-8
1.378653198480606e-8
1.2353517860174178e-8
1.135914996266365e-8
1.0701515525579452e-8
1.0328238457441329e-8
1.0043325275182724e-8
9.794868528842925e-9
9.62093248963356e-9
9.542539715766907e-9
9.727590531110764e-9
1.0190007090568542e-8
1.08224518597126e-8
1.1705399304628371e-8
1.3215740025043487e-8
1.5266919136047362e-8
1.7699567973613737e-8
2.0413650572299956e-8
2.285110354423523e-8
2.5522705912590027e-8
2.7882370352745054e-8
2.980508506298065e-8
3.2615309953689576e-8
3.505497276782989e-8
3.579113185405731e-8
3.644468486309051e-8
3.81668359041214e-8
4.229173064231872e-8
4.853268265724182e-8
4.316659867763519e-8
3.685486614704132e-8
3.585076034069061e-8
3.5874247550964356e-8
3.622477948665619e-8
3.785174190998077e-8
3.801956474781036e-8
3.639205992221832e-8
3.551388382911682e-8
3.401700556278229e-8
3.2411721348762514e-8
3.2797753810882565e-8
3.0281221866607666e-8
2.4757421016693113e-8
2.039162218570709e-8
1.8962283432483673e-8
2.0605631172657013e-8
2.2673845291137693e-8
2.381075918674469e-8
2.4754752218723295e-8
2.5685882568359374e-8
2.8063052892684934e-8
3.297283351421356e-8
4.0231874585151674e-8
4.6762743592262266e-8
5.236998796463012e-8
6.097728610038757e-8
7.142823338508605e-8
7.222950458526612e-8
6.573184728622437e-8
6.080304980278015e-8
5.8744359016418455e-8
5.7866775989532465e-8
5.580760240554809e-8
5.211348533630371e-8
4.7640621662139893e-8
4.2985600233078e-8
3.9966577291488645e-8
3.7582600116729734e-8
3.4465497732162476e-8
3.164138793945312e-8
2.8213700652122498e-8
2.437293529510498e-8
2.0095498859882353e-8
1.7471154034137725e-8
1.6675814986228942e-8
1.6866207122802734e-8
1.6893747448921203e-8
1.5719461441040038e-8
1.4608797430992125e-8
5.385253578424454e-10
1.5677081421017645e-9
2.441861480474472e-9
3.242770954966545e-9
4.037128016352653e-9
4.845387488603592e-9
5.619528144598007e-9
6.559032946825027e-9
8.567335456609726e-9
1.2768457829952239e-8
2.0393991470336912e-8
2.7270817756652832e-8
2.7380824089050293e-8
2.9910239577293394e-8
3.803174793720245e-8
4.531289339065552e-8
4.461603760719299e-8
3.912511765956878e-8
3.324764668941498e-8
2.8069275617599485e-8
2.3107939958572388e-8
1.8919579684734342e-8
1.5818458795547486e-8
1.3697308301925659e-8
1.2303178012371063e-8
1.1348468065261841e-8
1.0721317678689956e-8
1.0358231514692306e-8
1.0059186816215515e-8
9.783031046390533e-9
9.585990756750107e-9
9.501007199287414e-9
9.693001955747604e-9
1.0164354741573333e-8
1.0800181329250335e-8
1.1683150380849838e-8
1.3197095692157745e-8
1.5258249640464782e-8
1.7709910869598387e-8
2.046430706977844e-8
2.2964900732040405e-8
2.567891776561737e-8
2.799011170864105e-8
2.9764297604560852e-8
3.236857950687408e-8
3.456876277923584e-8
3.5058990120887755e-8
3.547617793083191e-8
3.7071010470390316e-8
4.137252271175384e-8
4.8206642270088196e-8
4.323881864547729e-8
3.6914509534835816e-8
3.571118712425232e-8
3.5444363951683044e-8
3.5489314794540405e-8
3.6917677521705624e-8
3.717461824417114e-8
3.5843309760093685e-8
3.536650240421295e-8
3.435500860214233e-8
3.322791755199432e-8
3.3996829390525816e-8
3.14074844121933e-8
2.546398639678955e-8
2.078602164983749e-8
1.9345052540302275e-8
2.1206071972846984e-8
2.3422971367835997e-8
2.4414372444152832e-8
2.5042000412940976e-8
2.567642033100128e-8
2.7830201387405394e-8
3.252049386501312e-8
3.951027691364288e-8
4.58207368850708e-8
5.1486212015151974e-8
6.037134528160095e-8
7.107347846031188e-8
7.187312245368958e-8
6.533800363540649e-8
6.05445921421051e-8
5.878812074661255e-8
5.8248233795166014e-8
5.62526524066925e-8
5.227978825569153e-8
4.7429478168487546e-8
4.253518581390381e-8
3.944705128669739e-8
3.710505962371826e-8
3.409297466278076e-8
3.139768540859222e-8
2.8092905879020688e-8
2.432604730129242e-8
2.0075905323028564e-8
1.7473232746124266e-8
1.6737136244773864e-8
1.703176349401474e-8
1.7162297666072845e-8
1.6024863719940185e-8
1.490713357925415e-8
5.618833471089601e-10
1.6027675941586493e-9
2.466588094830513e-9
3.2187528908252716e-9
3.961848467588425e-9
4.682363569736481e-9
5.3668126463890076e-9
6.425540894269943e-9
8.679398149251937e-9
1.4061874151229858e-8
2.2667908668518066e-8
2.6532763242721557e-8
2.6759442687034604e-8
2.9666721820831297e-8
3.783235549926758e-8
4.5179787278175354e-8
4.428142011165619e-8
3.910636305809021e-8
3.346350491046905e-8
2.8216877579689025e-8
2.312144637107849e-8
1.881432235240936e-8
1.572125107049942e-8
1.3648788630962372e-8
1.2285678088665008e-8
1.1360448598861693e-8
1.0748230665922164e-8
1.034025102853775e-8
1.0005164891481398e-8
9.737501293420791e-9
9.554388374090194e-9
9.50334444642067e-9
9.678211808204651e-9
1.009291633963585e-8
1.0705384612083435e-8
1.1622183769941329e-8
1.3148258626461029e-8
1.516352891921997e-8
1.7520859837532043e-8
2.0221370458602903e-8
2.270693480968475e-8
2.5364843010902405e-8
2.790311574935913e-8
2.9660648107528686e-8
3.1939327716827394e-8
3.4112477302551266e-8
3.467867076396942e-8
3.4867849946022035e-8
3.636593222618103e-8
4.069569706916809e-8
4.729630351066589e-8
4.338211417198181e-8
3.721308708190918e-8
3.590371012687683e-8
3.518080711364746e-8
3.496983349323272e-8
3.638218343257904e-8
3.644150197505951e-8
3.5486459732055664e-8
3.5791125893592836e-8
3.600410521030426e-8
3.532924354076385e-8
3.494865596294403e-8
3.170081973075866e-8
2.5690138339996336e-8
2.103401869535446e-8
2.0070448517799378e-8
2.2283785045146943e-8
2.403474599123001e-8
2.428902685642242e-8
2.479852885007858e-8
2.5702422857284544e-8
2.8041422367095945e-8
3.259970247745514e-8
3.885922431945801e-8
4.522930681705475e-8
5.1634389162063594e-8
6.099676489830016e-8
7.035230994224548e-8
6.928649544715882e-8
6.341371536254883e-8
6.025576591491699e-8
5.970607995986938e-8
5.9225082397460935e-8
5.6284159421920773e-8
5.155990719795227e-8
4.66375857591629e-8
4.173411428928375e-8
3.861933946609497e-8
3.63751471042633e-8
3.371626734733581e-8
3.13385546207428e-8
2.8222373127937315e-8
2.4384070932865143e-8
1.992591619491577e-8
1.7427171766757963e-8
1.684727519750595e-8
1.7177067697048185e-8
1.7468971014022825e-8
1.634993553161621e-8
1.5196572244167328e-8
5.801169201731682e-10
1.623857021331787e-9
2.4690743535757063e-9
3.1821995973587034e-9
3.876876085996628e-9
4.5192658901214594e-9
5.158311501145363e-9
6.339031457901001e-9
9.060655534267425e-9
1.5860810875892638e-8
2.4748301506042478e-8
2.5811839103698728e-8
2.5818628072738645e-8
2.92192667722702e-8
3.7575402855873106e-8
4.4964191317558286e-8
4.3896085023880005e-8
3.903096318244934e-8
3.365746736526489e-8
2.838265299797058e-8
2.3151713609695433e-8
1.8736256659030913e-8
1.5646383166313172e-8
1.3619744777679443e-8
1.2287592887878417e-8
1.1382270604372024e-8
1.0759150981903076e-8
1.0295718908309936e-8
9.927795082330703e-9
9.677381813526154e-9
9.531973302364349e-9
9.512379020452498e-9
9.656545519828796e-9
1.000324711203575e-8
1.0588841140270233e-8
1.1532660573720931e-8
1.3060417771339416e-8
1.5000371634960174e-8
1.7224767804145812e-8
1.981668472290039e-8
2.2234101593494415e-8
2.486216574907303e-8
2.7638718485832214e-8
2.944928705692291e-8
3.149585723876953e-8
3.370438814163208e-8
3.442394435405731e-8
3.447543680667877e-8
3.586962819099426e-8
4.010423421859741e-8
4.6340918540954586e-8
4.3399485945701595e-8
3.756069242954254e-8
3.621305227279663e-8
3.5087451338768005e-8
3.462921380996704e-8
3.601519167423248e-8
3.590096235275269e-8
3.533206284046173e-8
3.6609035730361936e-8
3.8275370001792906e-8
3.7827125191688534e-8
3.59084278345108e-8
3.169725835323334e-8
2.5671038031578064e-8
2.1320575475692747e-8
2.095291167497635e-8
2.3404259979724883e-8
2.442842572927475e-8
2.390878051519394e-8
2.4385075271129605e-8
2.574043571949005e-8
2.8405514359474182e-8
3.2805299758911134e-8
3.844153881072998e-8
4.500037133693695e-8
5.2248108386993406e-8
6.184564232826232e-8
6.918518543243408e-8
6.605092883110046e-8
6.099234223365783e-8
5.983605980873108e-8
6.078168749809265e-8
6.027795076370238e-8
5.612415075302124e-8
5.053315758705139e-8
4.554284811019897e-8
4.072193801403046e-8
3.7646231055259704e-8
3.5553070902824403e-8
3.329732716083526e-8
3.1314280629158016e-8
2.841786444187164e-8
2.44923397898674e-8
1.9809061288833618e-8
1.7344062030315398e-8
1.6926395893096924e-8
1.7335496842861176e-8
1.7756307125091552e-8
1.66800394654274e-8
1.5490344166755676e-8
5.941389594227075e-10
1.6382398083806038e-9
2.4617837741971014e-9
3.140079975128174e-9
3.782127425074577e-9
4.372785985469818e-9
5.015952140092849e-9
6.352106481790542e-9
9.624998271465301e-9
1.7269003391265868e-8
2.599266767501831e-8
2.5786778330802917e-8
2.523680329322815e-8
2.876603603363037e-8
3.7255766987800596e-8
4.46819931268692e-8
4.363572299480438e-8
3.897059857845306e-8
3.376915752887726e-8
2.8498587012290954e-8
2.317289263010025e-8
1.8688838183879852e-8
1.559154838323593e-8
1.3592366874217986e-8
1.2288907915353775e-8
1.1393287032842636e-8
1.0749655216932296e-8
1.0252512991428375e-8
9.867278486490249e-9
9.628937393426895e-9
9.51167345046997e-9
9.49987769126892e-9
9.616956859827041e-9
9.924399107694626e-9
1.0492728650569915e-8
1.1438163369894027e-8
1.2947836518287658e-8
1.482034921646118e-8
1.694367229938507e-8
1.9435869157314298e-8
2.1792022883892057e-8
2.4437712132930754e-8
2.731207311153412e-8
2.9158809781074523e-8
3.112975358963013e-8
3.3326557278633115e-8
3.4091213345527645e-8
3.4095138311386106e-8
3.539823889732361e-8
3.9524239301681515e-8
4.566258788108825e-8
4.3235978484153746e-8
3.773696422576904e-8
3.641130030155182e-8
3.505802750587463e-8
3.438151478767395e-8
3.565045595169067e-8
3.5529085993766785e-8
3.531475365161896e-8
3.744409382343292e-8
4.017999470233917e-8
3.9856466650962825e-8
3.7024936079978944e-8
3.199996054172516e-8
2.5814485549926755e-8
2.173735201358795e-8
2.1723490953445434e-8
2.4212582409381865e-8
2.4729664623737333e-8
2.373674064874649e-8
2.4170592427253723e-8
2.5772270560264587e-8
2.860545217990875e-8
3.2865482568740846e-8
3.825515806674957e-8
4.496628642082214e-8
5.2614974975585937e-8
6.206364631652832e-8
6.792469024658203e-8
6.361477375030517e-8
5.9135144948959346e-8
5.9305340051651e-8
6.135427355766297e-8
6.093199849128723e-8
5.6001442670822144e-8
4.975705444812774e-8
4.456254541873932e-8
3.9756625890731807e-8
3.674187958240509e-8
3.480269610881805e-8
3.284375965595245e-8
3.118532598018646e-8
2.8494057059288023e-8
2.457240670919418e-8
1.978962570428848e-8
1.7286501824855803e-8
1.6947613656520844e-8
1.7476823925971986e-8
1.799740046262741e-8
1.698101758956909e-8
1.579364836215973e-8
6.046236492693424e-10
1.6453625634312629e-9
2.4473704397678376e-9
3.090013191103935e-9
3.688370808959007e-9
4.250296205282211e-9
4.9296870827674866e-9
6.464774161577224e-9
1.0184229165315628e-8
1.836557537317276e-8
2.7001613378524778e-8
2.593991458415985e-8
2.490667700767517e-8
2.8381294012069702e-8
3.6911436915397644e-8
4.4381752610206605e-8
4.342372119426727e-8
3.8915193080902095e-8
3.3834126591682435e-8
2.8574395179748533e-8
2.3189975321292875e-8
1.865706145763397e-8
1.555134803056717e-8
1.357007324695587e-8
1.2286188453435898e-8
1.1392632126808166e-8
1.0731317102909087e-8
1.0211369395256041e-8
9.817112237215042e-9
9.58915576338768e-9
9.486743807792664e-9
9.47410836815834e-9
9.569913893938064e-9
9.851638972759247e-9
1.0404527932405472e-8
1.1339357495307922e-8
1.2820114195346831e-8
1.4631758630275726e-8
1.6670683026313782e-8
1.9077080488204954e-8
2.138684391975403e-8
2.404148429632187e-8
2.6961880922317505e-8
2.8836938738822935e-8
3.078400194644928e-8
3.296205401420593e-8
3.3733510971069334e-8
3.3711317181587216e-8
3.494646251201629e-8
3.899053633213043e-8
4.510592520236969e-8
4.300766885280609e-8
3.7784653902053834e-8
3.652451634407043e-8
3.5041716694831846e-8
3.419272899627686e-8
3.534487187862396e-8
3.526867628097534e-8
3.539725542068481e-8
3.824715316295624e-8
4.182171523571014e-8
4.1628775000572203e-8
3.818269670009613e-8
3.2513463497161866e-8
2.612987160682678e-8
2.220185101032257e-8
2.2384934127330777e-8
2.4842712283134458e-8
2.499418407678604e-8
2.36843004822731e-8
2.4071308970451355e-8
2.5797191262245176e-8
2.870541214942932e-8
3.2887199521064754e-8
3.81852388381958e-8
4.499363303184509e-8
5.2775162458419796e-8
6.190876960754395e-8
6.667854785919189e-8
6.171324253082275e-8
5.7654082775115967e-8
5.872830748558044e-8
6.15905463695526e-8
6.129436492919922e-8
5.586404800415039e-8
4.912501275539398e-8
4.369550049304962e-8
3.886081278324127e-8
3.58993262052536e-8
3.409728407859802e-8
3.2374018430709836e-8
3.097935616970062e-8
2.848234176635742e-8
2.4618461728096006e-8
1.9799229502677917e-8
1.7264445126056672e-8
1.6957123577594755e-8
1.758015900850296e-8
1.8207243084907532e-8
1.725340336561203e-8
1.609302759170532e-8
6.12355675548315e-10
1.6441937536001204e-9
2.422891743481159e-9
3.033805266022682e-9
3.5946521908044814e-9
4.147298634052276e-9
4.9023259431123734e-9
6.655295193195343e-9
1.0807576775550841e-8
1.9524559378623962e-8
2.7644020318984984e-8
2.5958818197250365e-8
2.474805563688278e-8
2.8135028481483457e-8
3.659387826919555e-8
4.40337598323822e-8
4.317698180675506e-8
3.882808089256286e-8
3.385990262031555e-8
2.862901985645294e-8
2.3222693800926208e-8
1.866902410984039e-8
1.5548369288444517e-8
1.3566680252552032e-8
1.2279362231492996e-8
1.1372086405754089e-8
1.0693447291851044e-8
1.016673818230629e-8
9.77349802851677e-9
9.547363221645356e-9
9.447092562913895e-9
9.431593120098114e-9
9.523230791091918e-9
9.7989521920681e-9
1.0335078835487365e-8
1.124821975827217e-8
1.2687112390995025e-8
1.4457479119300842e-8
1.644306629896164e-8
1.8758524954319e-8
2.1012674272060395e-8
2.363172173500061e-8
2.6589992642402648e-8
2.85208523273468e-8
3.04778516292572e-8
3.2595154643058776e-8
3.3324834704399106e-8
3.3356276154518126e-8
3.456228673458099e-8
3.858357667922973e-8
4.470451474189758e-8
4.268337488174438e-8
3.768353760242462e-8
3.6542195081710817e-8
3.50357323884964e-8
3.410605490207672e-8
3.515432775020599e-8
3.510065972805023e-8
3.5663241147994993e-8
3.937130272388458e-8
4.347254931926727e-8
4.30505096912384e-8
3.899906575679779e-8
3.3027178049087524e-8
2.660294473171234e-8
2.27221742272377e-8
2.300305962562561e-8
2.531382441520691e-8
2.5171807408332822e-8
2.3666913807392118e-8
2.4030177295207977e-8
2.5895163416862487e-8
2.8869396448135376e-8
3.297670781612396e-8
3.8208815455436704e-8
4.508023262023926e-8
5.296484231948852e-8
6.146501302719116e-8
6.509398818016052e-8
6.014251708984375e-8
5.659809708595276e-8
5.824213027954101e-8
6.161860227584839e-8
6.140187978744506e-8
5.5533844232559205e-8
4.845386147499084e-8
4.2890051007270814e-8
3.804680109024048e-8
3.506505787372589e-8
3.3346733450889586e-8
3.193829357624054e-8
3.0777448415756225e-8
2.8359386324882504e-8
2.4580124020576477e-8
1.9792102277278898e-8
1.727689951658249e-8
1.6991905868053437e-8
1.759856939315796e-8
1.8329365551471708e-8
1.750860512256622e-8
1.6392624378204346e-8
6.200559437274932e-10
1.6232416033744812e-9
2.3745417594909666e-9
2.962013892829418e-9
3.4696366637945174e-9
4.027382656931877e-9
4.943845421075821e-9
7.084182649850845e-9
1.2238887697458266e-8
2.216341346502304e-8
2.658826410770416e-8
2.4574404954910278e-8
2.475249320268631e-8
2.8374046087265015e-8
3.6404749751091004e-8
4.337506294250488e-8
4.257169663906097e-8
3.853282034397125e-8
3.380435705184936e-8
2.8708896040916442e-8
2.339772880077362e-8
1.8920448422431944e-8
1.5737923979759215e-8
1.3669565320014953e-8
1.2271134555339813e-8
1.126735433936119e-8
1.0555829852819442e-8
1.0081669688224792e-8
9.725724160671233e-9
9.467335045337677e-9
9.334661811590194e-9
9.329400211572646e-9
9.502405673265456e-9
9.863671660423278e-9
1.0376325994729995e-8
1.1235377937555312e-8
1.2582872807979583e-8
1.4412946999073028e-8
1.6476066410541533e-8
1.8587903678417205e-8
2.0675495266914366e-8
2.3045285046100616e-8
2.6130154728889463e-8
2.8331869840621947e-8
3.040408194065094e-8
3.217968940734863e-8
3.265117108821869e-8
3.319686949253082e-8
3.453559279441833e-8
3.8776174187660214e-8
4.4940793514251704e-8
4.192757308483123e-8
3.710451424121856e-8
3.6324891448020936e-8
3.5135936737060546e-8
3.446452021598816e-8
3.5348615050315856e-8
3.5091006755828855e-8
3.6892098188400266e-8
4.313000440597534e-8
4.618759751319885e-8
4.291310906410217e-8
3.7400469183921814e-8
3.258993923664093e-8
2.7373942732810973e-8
2.350209653377533e-8
2.379441261291504e-8
2.5334343314170837e-8
2.4838043749332426e-8
2.344117909669876e-8
2.40095779299736e-8
2.654602825641632e-8
2.978372573852539e-8
3.356460630893707e-8
3.852817118167877e-8
4.560128450393676e-8
5.4253095388412474e-8
6.016415953636169e-8
6.109369993209839e-8
5.852031707763671e-8
5.6887137889862056e-8
5.845330357551574e-8
6.162365078926086e-8
6.103472113609314e-8
5.410301089286804e-8
4.699689149856567e-8
4.19064998626709e-8
3.73260349035263e-8
3.394886553287506e-8
3.21267694234848e-8
3.176358938217163e-8
3.091433048248291e-8
2.791399359703064e-8
2.4192169308662413e-8
1.9635194540023803e-8
1.738094538450241e-8
1.7154668271541594e-8
1.7218445241451263e-8
1.8046331405639646e-8
1.77669957280159e-8
1.676078587770462e-8
6.217042449861765e-10
1.6020281240344047e-9
2.32655368745327e-9
2.881172113120556e-9
3.3683519810438155e-9
3.962398692965507e-9
5.046828091144561e-9
7.643099874258041e-9
1.3605603575706482e-8
2.3414665460586547e-8
2.641724944114685e-8
2.388387471437454e-8
2.4532727897167204e-8
2.8363963961601257e-8
3.6189639568328855e-8
4.284886717796325e-8
4.2063871026039123e-8
3.8243368268012996e-8
3.3728995919227596e-8
2.8784596920013428e-8
2.3574143648147582e-8
1.9126999378204346e-8
1.5906940400600433e-8
1.374939978122711e-8
1.2253368645906448e-8
1.1176978051662445e-8
1.0450239479541778e-8
9.998050332069396e-9
9.655266255140305e-9
9.38449576497078e-9
9.237802773714064e-9
9.256725758314132e-9
9.489022940397262e-9
9.89341288805008e-9
1.040308028459549e-8
1.1209554225206375e-8
1.2527351081371307e-8
1.4373143017292022e-8
1.6419292986392975e-8
1.8423734605312347e-8
2.0334383845329284e-8
2.2590866684913634e-8
2.5715014338493345e-8
2.8079411387443542e-8
3.0194777250289916e-8
3.180305063724518e-8
3.2198598980903626e-8
3.295022547245026e-8
3.4490904211997984e-8
3.886929452419281e-8
4.493255317211151e-8
4.148169159889221e-8
3.664565086364746e-8
3.609407544136047e-8
3.5182029008865354e-8
3.468957841396332e-8
3.557640612125397e-8
3.551032245159149e-8
3.8349092006683346e-8
4.5991185307502746e-8
4.831837713718414e-8
4.3023270368576045e-8
3.66589605808258e-8
3.2386353611946106e-8
2.7876627445220947e-8
2.421991229057312e-8
2.4262605607509612e-8
2.5393584370613097e-8
2.4646946787834167e-8
2.3308119177818296e-8
2.4195307493209836e-8
2.7121371030807493e-8
3.049804866313934e-8
3.4127408266067504e-8
3.8968983292579647e-8
4.615817666053772e-8
5.461691617965698e-8
5.870592594146728e-8
5.8365821838378905e-8
5.714138746261597e-8
5.66863477230072e-8
5.8476340770721436e-8
6.152036190032958e-8
6.047555208206176e-8
5.292713642120361e-8
4.5764040946960446e-8
4.0909749269485474e-8
3.645776212215423e-8
3.297865092754364e-8
3.123070895671844e-8
3.133412301540375e-8
3.0777829885482785e-8
2.76604562997818e-8
2.3864206671714783e-8
1.9463035464286805e-8
1.7372645437717436e-8
1.7185465991497038e-8
1.7106932401657105e-8
1.7833594977855683e-8
1.781843155622482e-8
1.7071451246738434e-8
6.195562426000833e-10
1.5786724165081978e-9
2.275420911610126e-9
2.805724926292896e-9
3.2900694757699966e-9
3.942115977406502e-9
5.222295597195625e-9
8.241942524909974e-9
1.4628092944622038e-8
2.4357514083385466e-8
2.6487836241722106e-8
2.3553459346294402e-8
2.4299219250679015e-8
2.8225356340408325e-8
3.5935059189796445e-8
4.2398059368133544e-8
4.16278064250946e-8
3.7973728775978085e-8
3.3647495508193966e-8
2.8853920102119446e-8
2.373388409614563e-8
1.9309264421463013e-8
1.604876220226288e-8
1.3812531530857085e-8
1.2232252210378646e-8
1.1101156473159789e-8
1.0359302908182144e-8
9.914556890726089e-9
9.576822817325591e-9
9.300889819860457e-9
9.155987203121184e-9
9.20065939426422e-9
9.474117308855056e-9
9.908162802457809e-9
1.0411380976438522e-8
1.1189690232276915e-8
1.2486814707517623e-8
1.4322158694267273e-8
1.6331608593463898e-8
1.8239593505859375e-8
2.0024673640727995e-8
2.2201152145862578e-8
2.5336119532585142e-8
2.7785333991050717e-8
2.992265224456787e-8
3.1457281112670895e-8
3.183546960353851e-8
3.27053964138031e-8
3.440566658973694e-8
3.887113332748413e-8
4.483547806739807e-8
4.1160088777542114e-8
3.62930029630661e-8
3.587827980518341e-8
3.5181391239166256e-8
3.4857794642448425e-8
3.587680160999298e-8
3.615456223487854e-8
3.980467319488525e-8
4.835429787635803e-8
5.00844657421112e-8
4.3365409970283507e-8
3.638634979724884e-8
3.236094713211059e-8
2.8302234411239624e-8
2.4750827252864837e-8
2.4609430134296416e-8
2.5455376505851745e-8
2.4553072452545164e-8
2.3306740820407867e-8
2.4451492726802824e-8
2.7643218636512756e-8
3.111371397972107e-8
3.467007577419281e-8
3.943699598312378e-8
4.653969407081604e-8
5.448508262634277e-8
5.732036828994751e-8
5.6381642818450925e-8
5.59383749961853e-8
5.625775456428528e-8
5.832446813583374e-8
6.127835512161255e-8
5.983499884605408e-8
5.190314650535583e-8
4.467426538467407e-8
3.992637097835541e-8
3.556170761585235e-8
3.21050077676773e-8
3.0465438961982726e-8
3.082582950592041e-8
3.0496883392333985e-8
2.742009460926056e-8
2.3606997728347776e-8
1.9284109771251676e-8
1.7301490902900694e-8
1.716650128364563e-8
1.7045076191425323e-8
1.7720529437065125e-8
1.780892163515091e-8
1.7284463346004485e-8
6.14744983613491e-10
1.5521565452218055e-9
2.224658615887165e-9
2.7391307055950162e-9
3.2355811446905134e-9
3.965505212545395e-9
5.446353554725647e-9
8.786550909280777e-9
1.5458954870700836e-8
2.5143125653266907e-8
2.668744623661041e-8
2.3397371172904968e-8
2.4098770320415497e-8
2.8033268451690672e-8
3.565450012683868e-8
4.199085831642151e-8
4.1244080662727354e-8
3.7727260589599605e-8
3.356695771217346e-8
2.8913819789886472e-8
2.3876571655273438e-8
1.9468159973621367e-8
1.6168504953384397e-8
1.3861854374408721e-8
1.2211403995752334e-8
1.1034876853227615e-8
1.0276860743761062e-8
9.83191430568695e-9
9.495696425437927e-9
9.220649302005767e-9
9.085017442703246e-9
9.153620153665543e-9
9.457970410585404e-9
9.911156445741652e-9
1.0411044210195541e-8
1.1171313375234603e-8
1.2449443340301513e-8
1.426192671060562e-8
1.622399240732193e-8
1.8048447370529174e-8
1.973891705274582e-8
2.185387164354324e-8
2.4980227649211882e-8
2.747078537940979e-8
2.9621845483779906e-8
3.1129446625709535e-8
3.151806890964508e-8
3.2471835613250734e-8
3.4286940097808835e-8
3.880756497383118e-8
4.469693005084991e-8
4.0899437665939326e-8
3.6013752222061156e-8
3.568672239780426e-8
3.51582258939743e-8
3.500964641571045e-8
3.6241939663887025e-8
3.690345883369446e-8
4.1198816895484924e-8
5.0399321317672725e-8
5.1645749807357786e-8
4.387382864952087e-8
3.6400508880615234e-8
3.2474085688591e-8
2.8669378161430356e-8
2.5158697366714477e-8
2.487577050924301e-8
2.5529086589813232e-8
2.4545133113861082e-8
2.339618057012558e-8
2.474181056022644e-8
2.812722623348236e-8
3.1671664118766784e-8
3.518392145633697e-8
3.985132575035095e-8
4.672897160053253e-8
5.4094225168228145e-8
5.6069695949554444e-8
5.4841911792755126e-8
5.487059950828552e-8
5.571920871734619e-8
5.802962779998779e-8
6.091201901435852e-8
5.915430784225464e-8
5.097275376319885e-8
4.3681550025939936e-8
3.8976758718490597e-8
3.468357920646667e-8
3.1296300888061523e-8
2.9765456914901732e-8
3.029081225395203e-8
3.0136576294898985e-8
2.715683579444885e-8
2.3377852141857146e-8
1.9112585484981536e-8
1.719841510057449e-8
1.7113144695758817e-8
1.6993887722492218e-8
1.7652538418769834e-8
1.7796762287616728e-8
1.7417912185192106e-8
6.015616003423929e-10
1.510574109852314e-9
2.1714545786380766e-9
2.6880061253905295e-9
3.1877692788839337e-9
3.970936313271522e-9
5.6723292917013165e-9
9.411877393722534e-9
1.7008587718009948e-8
2.5903812050819397e-8
2.5750961899757384e-8
2.334619462490082e-8
2.4182355403900145e-8
2.7940639853477478e-8
3.548360168933868e-8
4.1897913813591e-8
4.1104832291603085e-8
3.763097524642944e-8
3.342159986495971e-8
2.8674569725990293e-8
2.3770548403263092e-8
1.9443164765834807e-8
1.6109079122543334e-8
1.3810887932777403e-8
1.2254524230957031e-8
1.107218936085701e-8
1.027829349040985e-8
9.818319976329803e-9
9.466313570737838e-9
9.214825183153152e-9
9.122788161039352e-9
9.192102402448653e-9
9.43266749382019e-9
9.827519208192825e-9
1.0332994163036346e-8
1.112224832177162e-8
1.2402237951755523e-8
1.4137044548988341e-8
1.5918296575546264e-8
1.772482991218567e-8
1.9489507377147673e-8
2.1823339164257048e-8
2.4962617456912994e-8
2.726050019264221e-8
2.9378631711006162e-8
3.0799558758735655e-8
3.113767206668854e-8
3.214106559753418e-8
3.4080931544303895e-8
3.844224214553833e-8
4.456987679004669e-8
4.064390659332275e-8
3.6070775985717774e-8
3.5880017280578615e-8
3.517584204673767e-8
3.551204204559326e-8
3.6861526966094966e-8
3.786661326885223e-8
4.357833266258239e-8
5.256690382957458e-8
5.1686346530914304e-8
4.377475678920746e-8
3.639751970767975e-8
3.25276106595993e-8
2.9137438535690306e-8
2.5890973210334776e-8
2.5197044014930724e-8
2.5238919258117676e-8
2.4338166415691374e-8
2.3580098152160643e-8
2.536870539188385e-8
2.934969961643219e-8
3.293980360031128e-8
3.6154448986053465e-8
4.072907567024231e-8
4.6857514977455136e-8
5.247143507003784e-8
5.382943749427795e-8
5.2704268693923946e-8
5.361977219581604e-8
5.638254880905151e-8
5.876721143722534e-8
5.967191457748413e-8
5.713474750518798e-8
5.005502700805664e-8
4.289280772209167e-8
3.7769892811775206e-8
3.3535361289978025e-8
3.044335842132568e-8
2.9560473561286925e-8
2.993617951869964e-8
2.930434942245483e-8
2.6606628298759458e-8
2.3085729777812957e-8
1.9099092483520507e-8
1.6971239447593687e-8
1.6811616718769073e-8
1.7079299688339233e-8
1.7803026735782623e-8
1.7933005094528196e-8
1.7550037801265716e-8
5.837975535541773e-10
1.465825829654932e-9
2.120475471019745e-9
2.6414416730403897e-9
3.148007020354271e-9
3.992612287402153e-9
5.917343869805336e-9
1.0206691175699233e-8
1.8597303330898283e-8
2.6378652453422546e-8
2.4901016056537627e-8
2.3147249221801757e-8
2.4315892159938812e-8
2.7933990955352782e-8
3.543159961700439e-8
4.194433987140655e-8
4.1102877259254456e-8
3.7580707669258116e-8
3.321438729763031e-8
2.8332430124282835e-8
2.3523974418640136e-8
1.928746551275253e-8
1.5966938436031342e-8
1.3739983737468718e-8
1.2308192998170853e-8
1.1154311150312424e-8
1.0329630970954895e-8
9.843397885560989e-9
9.48149561882019e-9
9.262395650148391e-9
9.209173917770385e-9
9.25060361623764e-9
9.395629167556762e-9
9.716255217790603e-9
1.0223852843046188e-8
1.1048807948827744e-8
1.2322527915239334e-8
1.3945728540420532e-8
1.555987298488617e-8
1.736335903406143e-8
1.9294123351573942e-8
2.1899159252643585e-8
2.5070127844810485e-8
2.7156609296798704e-8
2.9168415069580077e-8
3.0475255846977233e-8
3.074301183223724e-8
3.177080452442169e-8
3.377809226512909e-8
3.8012027740478514e-8
4.43767249584198e-8
4.0478277206420896e-8
3.6248797178268434e-8
3.621123135089874e-8
3.5383251309394835e-8
3.615417778491974e-8
3.769389986991882e-8
3.918645977973938e-8
4.6155571937561035e-8
5.438290238380432e-8
5.131857395172119e-8
4.336990416049957e-8
3.632515370845794e-8
3.2648772001266477e-8
2.9700410366058347e-8
2.6620012521743774e-8
2.5399446487426755e-8
2.490256428718567e-8
2.414407432079315e-8
2.389584183692932e-8
2.631148397922516e-8
3.094260990619659e-8
3.4528565406799314e-8
3.7380725145339965e-8
4.158011674880981e-8
4.6520149707794184e-8
5.033663511276245e-8
5.1233792304992676e-8
5.049135684967041e-8
5.2558517456054684e-8
5.7360619306564326e-8
5.949634909629822e-8
5.8125621080398556e-8
5.485085844993591e-8
4.896189272403717e-8
4.203506410121917e-8
3.653659522533417e-8
3.23492705821991e-8
2.9651200771331786e-8
2.9400181770324707e-8
2.9596191644668578e-8
2.8446409106254576e-8
2.590520679950714e-8
2.2728189826011658e-8
1.9032147526741026e-8
1.6756847500801086e-8
1.6485700011253355e-8
1.708639860153198e-8
1.8031173944473265e-8
1.8158034980297088e-8
1.7714913189411164e-8
5.665272008627652e-10
1.426946185529232e-9
2.0739242434501646e-9
2.5972690433263777e-9
3.128397092223167e-9
4.0608249604701995e-9
6.228197365999221e-9
1.0987861454486846e-8
1.9639354944229126e-8
2.6796478033065795e-8
2.4662894010543823e-8
2.295008450746536e-8
2.4310004711151123e-8
2.7936655282974242e-8
3.542053997516632e-8
4.195441305637359e-8
4.108568727970123e-8
3.748511373996734e-8
3.2999551296234127e-8
2.8059196472167968e-8
2.329001426696777e-8
1.9116164743900297e-8
1.58511221408844e-8
1.369941383600235e-8
1.2339535355567931e-8
1.1215478926897048e-8
1.0377931594848632e-8
9.872148185968398e-9
9.513165056705475e-9
9.316987544298171e-9
9.272708743810653e-9
9.276283532381058e-9
9.354854375123977e-9
9.628750383853912e-9
1.0130555182695389e-8
1.0963909327983855e-8
1.2207096815109252e-8
1.373784840106964e-8
1.5263371169567107e-8
1.7066913843154905e-8
1.912930905818939e-8
2.189151793718338e-8
2.5097030401229858e-8
2.707802653312683e-8
2.8963294625282286e-8
3.016974627971649e-8
3.038724958896637e-8
3.1419765949249264e-8
3.3443790674209596e-8
3.7671151757240294e-8
4.413110017776489e-8
4.038415551185608e-8
3.6363685131073e-8
3.647150099277496e-8
3.573074638843536e-8
3.6762809753417964e-8
3.8634434342384336e-8
4.063563048839569e-8
4.817469120025635e-8
5.580865144729614e-8
5.14392614364624e-8
4.317329227924347e-8
3.6298000812530515e-8
3.290007710456848e-8
3.022784888744354e-8
2.707255482673645e-8
2.548931837081909e-8
2.476571053266525e-8
2.4166008830070496e-8
2.4368244409561158e-8
2.734915018081665e-8
3.241031169891357e-8
3.597007095813751e-8
3.845304250717163e-8
4.1978323459625244e-8
4.579094350337982e-8
4.8470610380172725e-8
4.905164241790771e-8
4.875355660915375e-8
5.1804447174072264e-8
5.7737195491790766e-8
5.953606367111206e-8
5.685268640518188e-8
5.313249826431274e-8
4.773679077625274e-8
4.101698994636536e-8
3.5446688532829284e-8
3.133618831634521e-8
2.8942772746086118e-8
2.8994259238243102e-8
2.9165494441986082e-8
2.7804186940193176e-8
2.5275707244873046e-8
2.2326132655143738e-8
1.882776618003845e-8
1.6589531302452087e-8
1.6278797388076782e-8
1.6984617710113526e-8
1.814897507429123e-8
1.8366260826587677e-8
1.790030300617218e-8
5.50380814820528e-10
1.3917531818151473e-9
2.031492069363594e-9
2.5621959939599037e-9
3.1308889389038086e-9
4.168931022286415e-9
6.570379436016082e-9
1.1646518856287002e-8
2.0450614392757413e-8
2.7236226201057434e-8
2.4638432264328e-8
2.283620536327362e-8
2.4263353645801544e-8
2.7926251292228698e-8
3.541569709777832e-8
4.194817245006561e-8
4.104394316673279e-8
3.73652845621109e-8
3.279285430908203e-8
2.781597375869751e-8
2.307174503803253e-8
1.8952323496341703e-8
1.5751996636390686e-8
1.3667394220829009e-8
1.236288771033287e-8
1.1262941360473632e-8
1.042148470878601e-8
9.90767404437065e-9
9.553668648004531e-9
9.368721395730972e-9
9.317509829998016e-9
9.284145385026931e-9
9.313683956861495e-9
9.553738683462142e-9
1.004430577158928e-8
1.0867441445589064e-8
1.2071389704942703e-8
1.3533344864845276e-8
1.500442028045654e-8
1.6819463670253752e-8
1.8973098695278166e-8
2.183898389339447e-8
2.507461905479431e-8
2.6989978551864622e-8
2.8768572211265562e-8
2.988399565219879e-8
3.005808889865875e-8
3.108220398426056e-8
3.311634063720703e-8
3.736328780651092e-8
4.388734698295593e-8
4.0301132202148437e-8
3.645241260528564e-8
3.67164134979248e-8
3.612341582775116e-8
3.7407046556472774e-8
3.963852524757385e-8
4.2035162448883057e-8
4.987041056156158e-8
5.7064098119735716e-8
5.178594589233398e-8
4.3162882328033443e-8
3.63685667514801e-8
3.3196830749511716e-8
3.066279292106628e-8
2.738082706928253e-8
2.556837201118469e-8
2.4766986072063444e-8
2.436668425798416e-8
2.497095614671707e-8
2.840541303157806e-8
3.378440737724304e-8
3.725688755512237e-8
3.92693281173706e-8
4.203799664974213e-8
4.4901987910270687e-8
4.680761396884918e-8
4.722492098808288e-8
4.7364374995231625e-8
5.1148152351379394e-8
5.770787000656128e-8
5.920571088790893e-8
5.573530793190002e-8
5.1705306768417355e-8
4.650384187698364e-8
3.995334506034851e-8
3.443734645843506e-8
3.0441030859947206e-8
2.8261160850524902e-8
2.8487926721572875e-8
2.868007123470306e-8
2.724246084690094e-8
2.472218871116638e-8
2.190490812063217e-8
1.856735348701477e-8
1.640755236148834e-8
1.611373573541641e-8
1.6876164078712463e-8
1.8180485069751738e-8
1.8526355922222137e-8
1.8089844286441802e-8
5.350213032215833e-10
1.3602253049612044e-9
1.995381712913513e-9
2.5379585102200507e-9
3.152833506464958e-9
4.307403042912483e-9
6.909731775522232e-9
1.222143918275833e-8
2.1140795946121215e-8
2.7566033601760863e-8
2.4718207120895385e-8
2.2867794334888456e-8
2.424967736005783e-8
2.7897804975509644e-8
3.5408753156661986e-8
4.198145270347595e-8
4.1089838743209837e-8
3.728745579719543e-8
3.2589292526245114e-8
2.754553258419037e-8
2.2807931900024413e-8
1.8764612078666688e-8
1.5662720799446106e-8
1.3650892674922943e-8
1.2381005287170409e-8
1.1301644891500473e-8
1.04638010263443e-8
9.941862523555754e-9
9.585774689912795e-9
9.395805001258849e-9
9.325640648603439e-9
9.268440306186676e-9
9.278413653373718e-9
9.506156295537949e-9
9.98852550983429e-9
1.0794996470212936e-8
1.1960662901401519e-8
1.335083544254303e-8
1.4798058569431304e-8
1.6660232841968537e-8
1.8865859508514403e-8
2.172008156776428e-8
2.4924723803997037e-8
2.6864203810691833e-8
2.8577324748039243e-8
2.961408197879791e-8
2.9784271121025084e-8
3.08417409658432e-8
3.286859989166259e-8
3.7077084183692934e-8
4.360044300556183e-8
4.0175426006317136e-8
3.650970757007599e-8
3.706731200218201e-8
3.6643329262733455e-8
3.808501958847046e-8
4.074093997478485e-8
4.3548029661178586e-8
5.143152475357055e-8
5.792199969291687e-8
5.209009051322937e-8
4.331170916557312e-8
3.6566281318664546e-8
3.345823287963867e-8
3.0962160229682924e-8
2.7638232707977292e-8
2.56919264793396e-8
2.488313317298889e-8
2.467370629310608e-8
2.564653754234314e-8
2.945870459079742e-8
3.502638638019562e-8
3.835923671722412e-8
3.98461103439331e-8
4.187785387039184e-8
4.38794732093811e-8
4.5202791690826414e-8
4.5815184712409974e-8
4.647138118743896e-8
5.061451196670532e-8
5.7159352302551264e-8
5.8383142948150635e-8
5.4622477293014525e-8
5.042240023612976e-8
4.530942142009735e-8
3.896311223506927e-8
3.359682559967041e-8
2.972956001758575e-8
2.7713331580162046e-8
2.7928650379180905e-8
2.809990644454956e-8
2.6684755086898803e-8
2.418142557144165e-8
2.1484723687171934e-8
1.82797834277153e-8
1.618337333202362e-8
1.5946483612060546e-8
1.68043777346611e-8
1.8183769285678863e-8
1.8636856973171235e-8
1.825861930847168e-8
5.18147274851799e-10
1.335735246539116e-9
1.96980033069849e-9
2.520226128399372e-9
3.175625577569008e-9
4.472154751420021e-9
7.275453209877014e-9
1.2785212695598602e-8
2.173328697681427e-8
2.712664008140564e-8
2.4804475903511047e-8
2.3493975400924683e-8
2.4451524019241333e-8
2.782538831233978e-8
3.543389439582825e-8
4.2382577061653137e-8
4.1856625676155086e-8
3.756318390369415e-8
3.234800100326538e-8
2.6969748735427855e-8
2.2153711318969726e-8
1.8348947167396545e-8
1.557406187057495e-8
1.3710689544677734e-8
1.2400943040847778e-8
1.133335754275322e-8
1.0509633272886275e-8
9.937047213315963e-9
9.534522145986556e-9
9.288032352924346e-9
9.171430021524429e-9
9.160925447940825e-9
9.283754229545593e-9
9.606099873781204e-9
1.0132373869419097e-8
1.0942009091377258e-8
1.2067963927984237e-8
1.3281092047691344e-8
1.4785091578960419e-8
1.691119223833084e-8
1.9031327962875365e-8
2.1312375366687772e-8
2.414754629135132e-8
2.6547110080718992e-8
2.837218940258026e-8
2.9355621337890624e-8
2.9774481058120728e-8
3.117336332798004e-8
3.306499719619751e-8
3.6818522214889526e-8
4.2960733175277707e-8
3.975839614868164e-8
3.6471784114837645e-8
3.817018568515777e-8
3.786584436893463e-8
3.883196711540222e-8
4.2443174123764035e-8
4.634204506874084e-8
5.309743285179138e-8
5.660356283187866e-8
5.1266318559646606e-8
4.363856017589569e-8
3.707485795021057e-8
3.3435007929801937e-8
3.0846953392028804e-8
2.7988743782043455e-8
2.597629725933075e-8
2.5062134861946103e-8
2.4866510927677154e-8
2.6297828555107115e-8
3.049022257328033e-8
3.5934272408485414e-8
3.9255133271217345e-8
4.0280252695083616e-8
4.160811901092529e-8
4.2329123616218564e-8
4.305869340896606e-8
4.5463636517524716e-8
4.7494873404502866e-8
5.062255263328552e-8
5.478826165199279e-8
5.5588841438293454e-8
5.298328399658203e-8
4.911141097545624e-8
4.418256878852844e-8
3.844072222709656e-8
3.353382050991058e-8
2.982296049594879e-8
2.7940350770950317e-8
2.7297618985176085e-8
2.709090709686279e-8
2.592257559299469e-8
2.3442476987838743e-8
2.1041767299175262e-8
1.79837167263031e-8
1.580267995595932e-8
1.57160684466362e-8
1.6964873671531677e-8
1.8269051611423493e-8
1.872715801000595e-8
1.836470365524292e-8
5.044546909630299e-10
1.3126752339303492e-9
1.9480764865875243e-9
2.51515619456768e-9
3.230442479252815e-9
4.641394689679146e-9
7.608289271593093e-9
1.326102316379547e-8
2.2061842679977415e-8
2.71587073802948e-8
2.4945415556430815e-8
2.3820382356643676e-8
2.465253323316574e-8
2.7877837419509886e-8
3.55596125125885e-8
4.2799115180969236e-8
4.2372968792915345e-8
3.774623274803162e-8
3.209766149520874e-8
2.6456394791603087e-8
2.163236141204834e-8
1.801706701517105e-8
1.5464478731155395e-8
1.3714225590229034e-8
1.2433847039937972e-8
1.1367432028055191e-8
1.0529477894306183e-8
9.923522919416427e-9
9.470629692077637e-9
9.177432954311371e-9
9.052436798810959e-9
9.09033715724945e-9
9.29797738790512e-9
9.697017073631287e-9
1.0262792557477951e-8
1.1068812012672425e-8
1.2120757997035979e-8
1.3283273577690123e-8
1.484738141298294e-8
1.7048171162605285e-8
1.9019335508346556e-8
2.0964504778385162e-8
2.363382875919342e-8
2.615864872932434e-8
2.8116199374198912e-8
2.9183250665664672e-8
2.9788458347320555e-8
3.135322034358978e-8
3.3147808909416194e-8
3.660183846950531e-8
4.248512983322143e-8
3.944973349571228e-8
3.663179278373718e-8
3.902665674686432e-8
3.8929978013038634e-8
3.9989158511161804e-8
4.424365758895874e-8
4.842680394649505e-8
5.4148650169372554e-8
5.603928565979004e-8
5.082762837409973e-8
4.380799233913421e-8
3.731544315814972e-8
3.348889648914337e-8
3.095358908176422e-8
2.8221160173416135e-8
2.6228627562522888e-8
2.52858430147171e-8
2.5267785787582397e-8
2.698959410190582e-8
3.136014938354492e-8
3.68378609418869e-8
3.994365036487579e-8
4.0454077720642086e-8
4.099166691303253e-8
4.0958830714225766e-8
4.1777533292770386e-8
4.519485533237457e-8
4.776654541492462e-8
5.005711317062378e-8
5.28389036655426e-8
5.333057641983032e-8
5.129627585411072e-8
4.779157936573028e-8
4.31944727897644e-8
3.791510760784149e-8
3.3385545015335084e-8
2.986907362937927e-8
2.7874368429183958e-8
2.68121600151062e-8
2.6298052072525024e-8
2.5134167075157163e-8
2.2791592776775358e-8
2.0546406507492066e-8
1.763254702091217e-8
1.5507355332374572e-8
1.5501748025417326e-8
1.6934986412525177e-8
1.8376313149929046e-8
1.8820004165172577e-8
1.8466678261756897e-8
4.928948823362589e-10
1.2925979681313038e-9
1.932649314403534e-9
2.5263065472245215e-9
3.300967440009117e-9
4.812023788690567e-9
7.907948642969132e-9
1.3634277880191803e-8
2.2379134595394134e-8
2.733611464500427e-8
2.5125330686569214e-8
2.4049113690853117e-8
2.4829344451427457e-8
2.799660563468933e-8
3.5753971338272095e-8
4.318126440048217e-8
4.275002181529999e-8
3.783990144729614e-8
3.184729516506195e-8
2.6012369990348814e-8
2.1203203499317167e-8
1.7736411094665527e-8
1.5346403419971465e-8
1.3699346780776977e-8
1.245826557278633e-8
1.1394186317920683e-8
1.0537530481815338e-8
9.895802289247512e-9
9.399758279323577e-9
9.077489376068114e-9
8.958959579467774e-9
9.043916314840316e-9
9.32088941335678e-9
9.781925380229949e-9
1.0378602892160415e-8
1.1166155338287354e-8
1.2174833565950394e-8
1.3321720063686371e-8
1.4915171265602113e-8
1.7106011509895323e-8
1.893288046121597e-8
2.0670431852340698e-8
2.3224088549613952e-8
2.5788432359695434e-8
2.78507798910141e-8
2.9039645195007323e-8
2.9790493845939635e-8
3.144502341747284e-8
3.3161276578903196e-8
3.6414834856987e-8
4.212938547134399e-8
3.9264461398124694e-8
3.685625493526459e-8
3.9781826734542845e-8
3.997600972652435e-8
4.129938781261444e-8
4.596603512763977e-8
5.0080221891403197e-8
5.496742725372314e-8
5.587251782417297e-8
5.0625187158584594e-8
4.38936710357666e-8
3.7462139129638673e-8
3.360370397567749e-8
3.111024498939514e-8
2.844300866127014e-8
2.6473748683929443e-8
2.5607281923294066e-8
2.5760874152183532e-8
2.766798734664917e-8
3.216731548309326e-8
3.7627381086349486e-8
4.043625593185425e-8
4.0381032228469846e-8
4.02662456035614e-8
3.987188637256622e-8
4.091232120990753e-8
4.4873848557472226e-8
4.7578796744346614e-8
4.9220430850982667e-8
5.1144021749496456e-8
5.139648914337158e-8
4.966935813426971e-8
4.650890231132507e-8
4.227334260940552e-8
3.7390735745429994e-8
3.3181002736091614e-8
2.9805096983909606e-8
2.770695984363556e-8
2.6372939348220824e-8
2.562589645385742e-8
2.4409812688827513e-8
2.216447740793228e-8
2.00459748506546e-8
1.7260877788066863e-8
1.5226344764232635e-8
1.5294066071510316e-8
1.684669554233551e-8
1.8415728211402894e-8
1.8915486335754394e-8
1.85658261179924e-8
4.830597434192896e-10
1.2764712795615196e-9
1.9260182976722718e-9
2.5500107556581497e-9
3.3818189054727554e-9
4.9783632159233095e-9
8.170252293348312e-9
1.395735889673233e-8
2.269984036684036e-8
2.758190333843231e-8
2.5324752926826476e-8
2.4244318902492523e-8
2.4996235966682432e-8
2.8150945901870728e-8
3.5980883240699767e-8
4.352326393127441e-8
4.3030881881713866e-8
3.786894381046295e-8
3.160330057144165e-8
2.5627961754798888e-8
2.0841208100318908e-8
1.7491494119167328e-8
1.5230686962604523e-8
1.3673162460327147e-8
1.2472303956747055e-8
1.141127347946167e-8
1.0533910244703292e-8
9.857886284589767e-9
9.327933937311172e-9
8.989861607551574e-9
8.885996788740158e-9
9.015078842639923e-9
9.350351989269256e-9
9.861348569393158e-9
1.0477067530155182e-8
1.125037968158722e-8
1.2234502285718917e-8
1.3373924791812896e-8
1.4967253804206848e-8
1.7112453281879423e-8
1.881595402956009e-8
2.0408877730369566e-8
2.287406027317047e-8
2.5449511408805847e-8
2.7595311403274533e-8
2.8902667760848996e-8
2.97701895236969e-8
3.147873282432556e-8
3.3133816719055174e-8
3.625338971614837e-8
4.187041223049164e-8
3.9175185561180114e-8
3.711838126182556e-8
4.0504390001296995e-8
4.1027721762657165e-8
4.264026880264282e-8
4.756360650062561e-8
5.147186517715454e-8
5.569766759872436e-8
5.592900514602661e-8
5.0566565990447996e-8
4.395754039287567e-8
3.7583649158477785e-8
3.3744317293167115e-8
3.129335641860962e-8
2.8671219944953916e-8
2.6758748292922973e-8
2.5999167561531066e-8
2.6295256614685057e-8
2.832980155944824e-8
3.290031254291534e-8
3.827908933162689e-8
4.07356858253479e-8
4.0146362781524654e-8
3.955820798873901e-8
3.901168704032898e-8
4.024238586425781e-8
4.44621205329895e-8
4.7109562158584594e-8
4.825408160686493e-8
4.9611854553222656e-8
4.9678483605384825e-8
4.8137688636779786e-8
4.5281159877777095e-8
4.139372408390045e-8
3.686351478099823e-8
3.292216658592224e-8
2.965606451034546e-8
2.7482280135154722e-8
2.5957325100898743e-8
2.503102719783783e-8
2.3750673234462737e-8
2.156636565923691e-8
1.954836994409561e-8
1.6883118450641633e-8
1.494432836771011e-8
1.508362740278244e-8
1.672733575105667e-8
1.8406280875205994e-8
1.8985217809677124e-8
1.866125762462616e-8
4.752255510538816e-10
1.2722194194793701e-9
1.932471804320812e-9
2.5627266615629196e-9
3.4356947988271712e-9
5.146072804927825e-9
8.53051096200943e-9
1.4905953407287596e-8
2.3323334753513334e-8
2.6511597633361816e-8
2.4685813486576078e-8
2.455528974533081e-8
2.6043835282325745e-8
2.8843674063682556e-8
3.632630407810211e-8
4.375965893268585e-8
4.335979223251343e-8
3.778181076049804e-8
3.111434578895569e-8
2.5209683179855347e-8
2.0591427385807036e-8
1.7321522533893583e-8
1.5082849562168122e-8
1.360974907875061e-8
1.2461248785257338e-8
1.1383433640003203e-8
1.0488562285900116e-8
9.769436717033386e-9
9.243790060281752e-9
8.940218389034271e-9
8.86431559920311e-9
9.041270613670349e-9
9.41353440284729e-9
9.945056587457656e-9
1.0529182106256484e-8
1.1205781996250152e-8
1.2163486331701277e-8
1.33964404463768e-8
1.504658758640289e-8
1.7155483365058897e-8
1.8644021451473234e-8
2.007182389497757e-8
2.2430881857872007e-8
2.505965530872345e-8
2.73494690656662e-8
2.869618535041809e-8
2.98640638589859e-8
3.159298300743103e-8
3.344513475894928e-8
3.664215207099914e-8
4.116851687431335e-8
3.9168152213096614e-8
3.7955492734909055e-8
4.124215543270111e-8
4.222797155380249e-8
4.400475919246673e-8
4.87650990486145e-8
5.33236563205719e-8
5.6668514013290404e-8
5.55065393447876e-8
5.000573992729187e-8
4.3872374296188354e-8
3.8244560360908505e-8
3.42629611492157e-8
3.138644695281982e-8
2.8681227564811704e-8
2.6948237419128416e-8
2.645770013332367e-8
2.6962196826934814e-8
2.9069828987121582e-8
3.33825945854187e-8
3.814036548137665e-8
4.0492615103721617e-8
3.96811842918396e-8
3.833174407482147e-8
3.787726461887359e-8
4.001545906066894e-8
4.448493719100952e-8
4.6321749687194825e-8
4.7341153025627133e-8
4.870727360248565e-8
4.845789074897766e-8
4.674196243286133e-8
4.388168752193451e-8
4.0299320220947266e-8
3.648397922515869e-8
3.2912257313728334e-8
2.9670673608779907e-8
2.7298808097839353e-8
2.5670641660690308e-8
2.452936768531799e-8
2.303105741739273e-8
2.0953916013240812e-8
1.899338662624359e-8
1.6584371030330656e-8
1.4791460335254669e-8
1.4898358285427093e-8
1.6540537774562834e-8
1.8352270126342774e-8
1.9011294841766356e-8
1.8673524260520934e-8
4.701990634202957e-10
1.274396665394306e-9
1.9407888874411582e-9
2.5750299915671347e-9
3.4907273948192595e-9
5.331861227750778e-9
9.046095609664917e-9
1.5967659652233122e-8
2.368008494377136e-8
2.5290396809577942e-8
2.3794251680374144e-8
2.4868702888488768e-8
2.73072212934494e-8
2.976677119731903e-8
3.681094944477081e-8
4.402275383472443e-8
4.3608656525611876e-8
3.759471774101257e-8
3.059649765491486e-8
2.4801993370056152e-8
2.0375525951385498e-8
1.717008352279663e-8
1.4943054318428038e-8
1.3529352843761444e-8
1.2420036643743514e-8
1.1330090463161469e-8
1.0409755259752273e-8
9.668028354644776e-9
9.166164696216582e-9
8.91091302037239e-9
8.877290785312653e-9
9.09574031829834e-9
9.49191153049469e-9
1.0014975816011429e-8
1.0528897494077681e-8
1.1105819791555405e-8
1.2056995183229446e-8
1.3394518196582793e-8
1.511906087398529e-8
1.71726256608963e-8
1.845239996910095e-8
1.9707745313644407e-8
2.1971884369850156e-8
2.4656885862350463e-8
2.7077651023864744e-8
2.851491868495941e-8
2.9968032240867614e-8
3.181057572364807e-8
3.390890657901764e-8
3.706823587417602e-8
4.0616145730018616e-8
3.925872445106506e-8
3.8884046673774714e-8
4.2131680250167846e-8
4.3479010462760925e-8
4.5309558510780334e-8
4.998040497303009e-8
5.5166339874267576e-8
5.752647519111633e-8
5.497663021087646e-8
4.9355462193489075e-8
4.389060139656067e-8
3.9021727442741394e-8
3.4831607341766354e-8
3.1464290618896484e-8
2.866498827934265e-8
2.7161061763763425e-8
2.6976189017295837e-8
2.7664917707443238e-8
2.9693633317947386e-8
3.353262543678283e-8
3.7674751877784725e-8
3.992718458175659e-8
3.8901329040527345e-8
3.7023928761482234e-8
3.685041666030884e-8
3.9883819222450254e-8
4.448196291923523e-8
4.5554339885711666e-8
4.6552318334579464e-8
4.803049862384796e-8
4.746032953262329e-8
4.5451775193214416e-8
4.2496901750564575e-8
3.922608196735382e-8
3.6126732826232906e-8
3.296534717082977e-8
2.9734733700752255e-8
2.7177354693412778e-8
2.5422602891921995e-8
2.4062032997608185e-8
2.235710024833679e-8
2.0330119132995603e-8
1.8462918698787688e-8
1.6295230388641356e-8
1.46649032831192e-8
1.4747503399848937e-8
1.6356149315834044e-8
1.825435608625412e-8
1.8991486728191376e-8
1.8646001815795898e-8
4.675436299294234e-10
1.2762554921209811e-9
1.9488375633955003e-9
2.600954845547676e-9
3.5718221217393872e-9
5.5619139224290845e-9
9.5710389316082e-9
1.663585752248764e-8
2.378023713827133e-8
2.4647554755210877e-8
2.3298239707946777e-8
2.5128474831581115e-8
2.8180396556854248e-8
3.057673275470733e-8
3.735271990299225e-8
4.435259103775024e-8
4.372854828834534e-8
3.738613724708557e-8
3.0203768610954286e-8
2.445385903120041e-8
2.0143091678619384e-8
1.7007917165756224e-8
1.4825499057769775e-8
1.3450449705123902e-8
1.2362518906593323e-8
1.1267369985580443e-8
1.0327382385730742e-8
9.58389863371849e-9
9.105300158262252e-9
8.888773620128631e-9
8.897260576486588e-9
9.148820489645004e-9
9.558712691068649e-9
1.005648598074913e-8
1.0507040470838546e-8
1.1033526062965393e-8
1.1995154619216918e-8
1.3389940559864044e-8
1.514532119035721e-8
1.7128917574882506e-8
1.826293170452118e-8
1.9380883872509e-8
2.157592326402664e-8
2.4287432432174682e-8
2.680051326751709e-8
2.838602066040039e-8
3.002752363681793e-8
3.2044705748558044e-8
3.4263893961906435e-8
3.7268656492233276e-8
4.049147069454193e-8
3.946705460548401e-8
3.958707451820373e-8
4.311878681182861e-8
4.468785226345062e-8
4.6581146121025085e-8
5.133807063102722e-8
5.659624934196472e-8
5.8146625757217406e-8
5.472532510757446e-8
4.9041661620140076e-8
4.4074100255966184e-8
3.955414593219757e-8
3.5224276781082155e-8
3.160710334777832e-8
2.8794750571250915e-8
2.7485755085945128e-8
2.7515235543251037e-8
2.8258892893791198e-8
3.0076783895492555e-8
3.3507838845252986e-8
3.727731704711914e-8
3.928428292274475e-8
3.799133598804474e-8
3.600544929504394e-8
3.614457249641418e-8
3.9594817161560056e-8
4.418387711048126e-8
4.492800235748291e-8
4.5827859640121456e-8
4.7234907746315e-8
4.6442022919654846e-8
4.4241726398468014e-8
4.129020869731903e-8
3.8325938582420346e-8
3.571101129055023e-8
3.288836479187012e-8
2.9718247056007385e-8
2.7058517932891846e-8
2.5148886442184447e-8
2.3609791696071622e-8
2.1780312061309814e-8
1.9749334454536436e-8
1.798233538866043e-8
1.597470790147781e-8
1.4478003978729248e-8
1.4600512385368346e-8
1.6204336285591126e-8
1.8136793375015257e-8
1.8937742710113523e-8
1.8617406487464904e-8
4.662576597183942e-10
1.2788088992238044e-9
1.961800083518028e-9
2.640184946358204e-9
3.678450360894203e-9
5.815352872014046e-9
1.0009267926216125e-8
1.7092306911945344e-8
2.3835612833499906e-8
2.428922653198242e-8
2.3057898879051207e-8
2.5363042950630186e-8
2.885337173938751e-8
3.1269332766532895e-8
3.789275586605072e-8
4.4688159227371215e-8
4.379727840423584e-8
3.718712031841278e-8
2.987693250179291e-8
2.4147646129131316e-8
1.9914446771144865e-8
1.684782654047012e-8
1.4713546633720398e-8
1.337030678987503e-8
1.2296070158481597e-8
1.119658127427101e-8
1.0249213129281997e-8
9.511566907167434e-9
9.056849777698517e-9
8.8758148252964e-9
8.92053171992302e-9
9.19816270470619e-9
9.609900414943695e-9
1.0077544301748276e-8
1.0481931269168853e-8
1.0981420427560805e-8
1.1954005807638168e-8
1.3379526138305663e-8
1.513482183218002e-8
1.705116033554077e-8
1.807093620300293e-8
1.908605098724365e-8
2.1224166452884673e-8
2.3948144912719727e-8
2.654338777065277e-8
2.8269848227500915e-8
3.007877767086029e-8
3.224960565567016e-8
3.452925384044647e-8
3.7433764338493345e-8
4.0561181306838985e-8
3.9757260680198665e-8
4.023961722850799e-8
4.4109785556793214e-8
4.58768218755722e-8
4.7849297523498535e-8
5.266206264495849e-8
5.7779163122177124e-8
5.867548584938049e-8
5.4669189453124995e-8
4.896095097064972e-8
4.4301185011863706e-8
3.995891213417053e-8
3.553993701934814e-8
3.180660605430603e-8
2.9032930731773376e-8
2.787729203701019e-8
2.8026458621025084e-8
2.8715476393699646e-8
3.029047846794128e-8
3.339627087116241e-8
3.685057461261749e-8
3.85821521282196e-8
3.7120091915130614e-8
3.5184523463249205e-8
3.556564450263977e-8
3.921322226524353e-8
4.3762990832328796e-8
4.433683156967163e-8
4.511593878269195e-8
4.638967216014862e-8
4.54250305891037e-8
4.311343431472778e-8
4.022293984889984e-8
3.7526044249534605e-8
3.527267873287201e-8
3.272327184677124e-8
2.9636868834495543e-8
2.6912808418273925e-8
2.4868434667587278e-8
2.318337857723236e-8
2.1259407699108122e-8
1.9223859906196593e-8
1.7528022825717926e-8
1.56452402472496e-8
1.4259926974773407e-8
1.4439176023006438e-8
1.6060486435890198e-8
1.8016514182090758e-8
1.8863308429718016e-8
1.857830435037613e-8
4.666576627641916e-10
1.2840151786804198e-9
1.981006562709808e-9
2.6922376826405522e-9
3.808089718222618e-9
6.074902042746543e-9
1.0385534167289733e-8
1.7428702116012572e-8
2.3795220255851744e-8
2.4002368748188018e-8
2.2916579246520996e-8
2.554868161678314e-8
2.946847081184387e-8
3.1953129172325134e-8
3.845671713352203e-8
4.4977715611457824e-8
4.381314516067505e-8
3.7049585580825806e-8
2.9588839411735532e-8
2.385282218456268e-8
1.9692130386829376e-8
1.6706830263137817e-8
1.4629943668842314e-8
1.330881118774414e-8
1.2240376323461532e-8
1.1136230826377869e-8
1.017649546265602e-8
9.446724504232407e-9
9.013869613409041e-9
8.858267962932586e-9
8.93304795026779e-9
9.22645702958107e-9
9.629001468420028e-9
1.0076076537370682e-8
1.0458250343799591e-8
1.0947137326002121e-8
1.1937254667282105e-8
1.3399310410022735e-8
1.513582020998001e-8
1.6941390931606293e-8
1.784829646348953e-8
1.8814104795455932e-8
2.0932334661483765e-8
2.3644512891769407e-8
2.632040977478027e-8
2.8177195787429807e-8
3.011443018913269e-8
3.241353631019592e-8
3.4750002622604366e-8
3.762264549732208e-8
4.073024690151214e-8
4.010275602340698e-8
4.0872448682785034e-8
4.508485198020935e-8
4.709058403968811e-8
4.9166077375411983e-8
5.3898686170578e-8
5.8719009160995484e-8
5.913683772087097e-8
5.482265949249267e-8
4.911745488643646e-8
4.454061388969421e-8
4.0274879336357114e-8
3.5836732387542725e-8
3.206911385059356e-8
2.938116192817688e-8
2.8306251764297485e-8
2.8454664349555967e-8
2.905620038509369e-8
3.042470216751098e-8
3.329329788684845e-8
3.644736111164093e-8
3.779734075069427e-8
3.628573715686798e-8
3.455081582069397e-8
3.502698540687561e-8
3.8625741004943845e-8
4.3150407075881956e-8
4.374060928821564e-8
4.438045620918274e-8
4.549726545810699e-8
4.445324838161468e-8
4.212324619293213e-8
3.9314860105514524e-8
3.68031233549118e-8
3.4815636277198787e-8
3.248198628425598e-8
2.9486408829689026e-8
2.6745611429214476e-8
2.4598415195941924e-8
2.2791230678558348e-8
2.0796261727809904e-8
1.875806599855423e-8
1.7088906466960907e-8
1.5325279533863068e-8
1.4088016748428343e-8
1.4322254061698913e-8
1.592022329568863e-8
1.7835700511932372e-8
1.8738798797130585e-8
1.852135956287384e-8
4.728931002318859e-10
1.2939284555613994e-9
2.004515379667282e-9
2.7483051642775535e-9
3.9761621505022044e-9
6.42167329788208e-9
1.0810048133134841e-8
1.7653073370456695e-8
2.3097042739391327e-8
2.313336133956909e-8
2.2476853430271147e-8
2.539590001106262e-8
3.039208948612213e-8
3.316039144992828e-8
3.93618106842041e-8
4.5069220662117e-8
4.36142086982727e-8
3.7208476662635805e-8
2.9309841990470884e-8
2.3458585143089294e-8
1.944745182991028e-8
1.6671369969844816e-8
1.4726436138153076e-8
1.3394321501255035e-8
1.2301988154649735e-8
1.1164429783821106e-8
1.0116554796695709e-8
9.372376650571823e-9
8.94109308719635e-9
8.764223009347915e-9
8.856570720672607e-9
9.146303683519363e-9
9.516091644763946e-9
9.994186460971832e-9
1.0434135049581528e-8
1.0953748226165772e-8
1.2029351294040679e-8
1.3682426512241363e-8
1.536332070827484e-8
1.675884872674942e-8
1.7433772981166837e-8
1.854926198720932e-8
2.083265036344528e-8
2.341249883174896e-8
2.6209160685539245e-8
2.818954586982727e-8
3.010142147541046e-8
3.25161337852478e-8
3.4991148114204406e-8
3.792706727981567e-8
4.092077016830444e-8
4.04390424489975e-8
4.139652848243713e-8
4.600822925567627e-8
4.857233464717865e-8
5.092871189117431e-8
5.496468544006347e-8
5.895427465438843e-8
5.932382345199585e-8
5.552505850791931e-8
4.99826431274414e-8
4.477331042289734e-8
4.042534530162811e-8
3.6172792315483095e-8
3.245425522327423e-8
3.001733720302582e-8
2.8805735707283018e-8
2.8681233525276182e-8
2.9358524084091187e-8
3.0739811062812805e-8
3.367437422275543e-8
3.641172349452972e-8
3.657089471817016e-8
3.52873295545578e-8
3.4392836689949036e-8
3.43552678823471e-8
3.701364994049072e-8
4.163117706775665e-8
4.308618903160095e-8
4.3507879972457886e-8
4.4427502155303953e-8
4.3687903881073e-8
4.1607621312141414e-8
3.884258270263672e-8
3.619802296161651e-8
3.4303066134452816e-8
3.209004998207092e-8
2.920357882976532e-8
2.6602828502655028e-8
2.441275119781494e-8
2.248793691396713e-8
2.045918107032776e-8
1.8423074483871458e-8
1.6618713736534117e-8
1.5093088150024414e-8
1.4343407750129699e-8
1.4588145911693573e-8
1.5812622010707856e-8
1.7279838025569914e-8
1.8339301645755767e-8
1.8417121469974518e-8
4.781856201589107e-10
1.3078839518129825e-9
2.035963162779808e-9
2.8308194130659102e-9
4.156089201569557e-9
6.71544149518013e-9
1.1124749481678009e-8
1.767849177122116e-8
2.2611212730407715e-8
2.2489991784095764e-8
2.2067739069461823e-8
2.5429055094718933e-8
3.1090953946113586e-8
3.412198424339294e-8
4.0119078755378723e-8
4.5305147767066954e-8
4.3605220317840573e-8
3.7145781517028805e-8
2.909112572669983e-8
2.3160886764526368e-8
1.925588399171829e-8
1.6634532809257507e-8
1.4782531559467315e-8
1.3470999896526336e-8
1.2354946136474608e-8
1.1163175851106643e-8
1.0072175413370133e-8
9.303204715251921e-9
8.860466629266738e-9
8.684321492910384e-9
8.775673806667328e-9
9.05638113617897e-9
9.426289051771164e-9
9.927012026309967e-9
1.040688157081604e-8
1.0983147472143173e-8
1.2158818542957306e-8
1.388441026210785e-8
1.546017825603485e-8
1.6615799069404603e-8
1.7151322960853575e-8
1.8307942152023315e-8
2.0650789141654967e-8
2.325013428926468e-8
2.610195577144623e-8
2.8160709142684936e-8
3.0124947428703306e-8
3.262723982334137e-8
3.5205611586570736e-8
3.818766176700592e-8
4.119173586368561e-8
4.0813979506492616e-8
4.199508428573608e-8
4.701584279537201e-8
4.998812079429626e-8
5.239068269729614e-8
5.593318343162536e-8
5.9402382373809815e-8
5.972943902015685e-8
5.6185573339462275e-8
5.059494972229004e-8
4.510193467140198e-8
4.069120585918426e-8
3.652443289756775e-8
3.295393586158752e-8
3.05390328168869e-8
2.919776439666748e-8
2.8994867205619812e-8
2.9648485779762267e-8
3.104043304920196e-8
3.3804425597190854e-8
3.5950952768325805e-8
3.5692131519317625e-8
3.460247814655304e-8
3.384637832641602e-8
3.346871435642242e-8
3.574366867542267e-8
4.041276574134826e-8
4.220716059207916e-8
4.2620453238487244e-8
4.351007640361786e-8
4.294450581073761e-8
4.1039094328880306e-8
3.831958770751953e-8
3.566179275512695e-8
3.381741642951965e-8
3.170482814311981e-8
2.89324015378952e-8
2.6405036449432372e-8
2.419915497303009e-8
2.220872938632965e-8
2.013799101114273e-8
1.8063578009605407e-8
1.6277149319648743e-8
1.4927247166633607e-8
1.4424780011177062e-8
1.4731380343437195e-8
1.5720587968826292e-8
1.6935831308364868e-8
1.7969137430191038e-8
1.82230606675148e-8
4.835131578147412e-10
1.3256520964205264e-9
2.080733887851238e-9
2.928008511662483e-9
4.3310217559337615e-9
6.962733715772628e-9
1.133374497294426e-8
1.7648036777973175e-8
2.222517281770706e-8
2.1998415887355805e-8
2.1765266358852386e-8
2.5504142045974732e-8
3.1669390201568605e-8
3.49012553691864e-8
4.077860414981842e-8
4.5616057515144347e-8
4.365333020687103e-8
3.70471715927124e-8
2.8886011242866516e-8
2.2931919991970062e-8
1.91037580370903e-8
1.6595394909381865e-8
1.4821122586727141e-8
1.3531140983104704e-8
1.2390696257352828e-8
1.1156487464904785e-8
1.002782955765724e-8
9.236109256744384e-9
8.784251660108565e-9
8.6054265499115e-9
8.693209290504456e-9
8.970857411623e-9
9.347352385520935e-9
9.870129078626632e-9
1.0390593111515045e-8
1.1031384766101837e-8
1.2280034273862839e-8
1.4024364948272705e-8
1.5501260757446287e-8
1.649515926837921e-8
1.6933652758598326e-8
1.8086837232112885e-8
2.0462019741535187e-8
2.309931516647339e-8
2.600133717060089e-8
2.8125390410423277e-8
3.015761375427246e-8
3.27418714761734e-8
3.540276885032654e-8
3.8441857695579524e-8
4.150606393814087e-8
4.124048054218292e-8
4.265450835227966e-8
4.805604815483093e-8
5.131517648696899e-8
5.3677964210510254e-8
5.686145424842834e-8
5.998571515083313e-8
6.02572500705719e-8
5.67983865737915e-8
5.112285614013672e-8
4.5474073290824885e-8
4.102824330329895e-8
3.694336116313934e-8
3.34445983171463e-8
3.0997905135154725e-8
2.9574987292289733e-8
2.9308411478996277e-8
2.9930388927459714e-8
3.122273981571197e-8
3.368619382381439e-8
3.542337715625763e-8
3.498570322990417e-8
3.394200503826141e-8
3.3137142658233644e-8
3.2561561465263366e-8
3.466514348983765e-8
3.932868242263794e-8
4.1274017095565796e-8
4.1741913557052614e-8
4.2665055394172664e-8
4.222142696380615e-8
4.044217467308044e-8
3.778305053710937e-8
3.5154190659523007e-8
3.3358195424079895e-8
3.133110702037811e-8
2.8653085231781003e-8
2.6179632544517514e-8
2.3967906832695005e-8
2.193625420331955e-8
1.9824181497097016e-8
1.773419976234436e-8
1.599464863538742e-8
1.4778770506381987e-8
1.4431716501712799e-8
1.4780348539352417e-8
1.5642958879470825e-8
1.668407768011093e-8
1.7656195163726805e-8
1.7979295551776886e-8
4.894387908279896e-10
1.3493522070348262e-9
2.136193588376045e-9
3.031947091221809e-9
4.494102671742439e-9
7.162512093782424e-9
1.1476175487041472e-8
1.7591249942779542e-8
2.190902531147003e-8
2.1621343493461608e-8
2.155056297779083e-8
2.5597444176673887e-8
3.215905427932739e-8
3.555219173431396e-8
4.136531949043274e-8
4.59512323141098e-8
4.373047649860382e-8
3.695134818553924e-8
2.8704160451889038e-8
2.2745847702026368e-8
1.898055374622345e-8
1.655837446451187e-8
1.4846891164779663e-8
1.3574519753456115e-8
1.2414195388555527e-8
1.114373281598091e-8
9.98299866914749e-9
9.171462059020996e-9
8.710348606109619e-9
8.527370542287827e-9
8.612304180860519e-9
8.890626579523086e-9
9.277139604091643e-9
9.823761135339736e-9
1.0387305170297622e-8
1.1085756123065949e-8
1.238250434398651e-8
1.4121317863464355e-8
1.5512853860855103e-8
1.6388629376888276e-8
1.6751419007778168e-8
1.7888116836547852e-8
2.0280176401138303e-8
2.2954215109348295e-8
2.5904899835586548e-8
2.8091317415237426e-8
3.019371926784515e-8
3.285596966743469e-8
3.559274971485138e-8
3.870150744915008e-8
4.1854858398437497e-8
4.171454608440399e-8
4.335769712924957e-8
4.909960329532623e-8
5.256355404853821e-8
5.485881567001342e-8
5.777429938316345e-8
6.06546401977539e-8
6.085259914398193e-8
5.7387930154800414e-8
5.162444114685058e-8
4.58789050579071e-8
4.1425538063049316e-8
3.739437162876129e-8
3.391672074794769e-8
3.14278244972229e-8
2.993481755256653e-8
2.960914671421051e-8
3.0149891972541806e-8
3.126136064529419e-8
3.343621790409088e-8
3.489459455013275e-8
3.433660566806793e-8
3.3257386088371274e-8
3.236905932426453e-8
3.168782293796539e-8
3.370054662227631e-8
3.832438886165619e-8
4.03455376625061e-8
4.0883293747901916e-8
4.1860798001289365e-8
4.15132999420166e-8
3.9834693074226374e-8
3.724420666694641e-8
3.4663859009742735e-8
3.291906714439392e-8
3.096573054790497e-8
2.8365486860275267e-8
2.5936213135719298e-8
2.3724760115146637e-8
2.166452407836914e-8
1.952414959669113e-8
1.7434900999069212e-8
1.574723571538925e-8
1.4634688198566436e-8
1.439322531223297e-8
1.4774596691131592e-8
1.5562184154987336e-8
1.64838507771492e-8
1.7385675013065338e-8
1.7718252539634703e-8
4.99981502071023e-10
1.3820131309330462e-9
2.1813612431287765e-9
3.1129440292716023e-9
4.648033156991005e-9
7.325910031795502e-9
1.1559039354324341e-8
1.7479799687862394e-8
2.1131135523319245e-8
2.0867452025413512e-8
2.1673764288425446e-8
2.6357248425483703e-8
3.247196078300476e-8
3.5988631844520565e-8
4.157640635967254e-8
4.632544815540313e-8
4.428159892559051e-8
3.706292808055878e-8
2.854938507080078e-8
2.2532802820205687e-8
1.883080154657364e-8
1.6505539417266844e-8
1.4828398823738097e-8
1.3548994064331055e-8
1.2391424179077147e-8
1.1090701818466186e-8
9.902536869049071e-9
9.11940336227417e-9
8.674846589565276e-9
8.487725257873534e-9
8.575723320245743e-9
8.874981105327606e-9
9.286504238843917e-9
9.78730097413063e-9
1.0382559895515442e-8
1.1208556592464446e-8
1.2522672116756438e-8
1.4182360470294952e-8
1.547565162181854e-8
1.6259723901748658e-8
1.669805943965912e-8
1.792406737804413e-8
2.0168857276439665e-8
2.273338884115219e-8
2.58991539478302e-8
2.8401780128479004e-8
3.017252385616302e-8
3.2420048117637634e-8
3.5591885447502136e-8
3.9103972911834715e-8
4.226574599742889e-8
4.2229431867599485e-8
4.39673513174057e-8
5.009124279022217e-8
5.3921532630920406e-8
5.577026605606079e-8
5.8298319578170776e-8
6.106928586959839e-8
6.146368980407715e-8
5.8733963966369626e-8
5.3213745355606074e-8
4.693823754787445e-8
4.19351190328598e-8
3.781667947769165e-8
3.40180367231369e-8
3.146211504936218e-8
3.042247891426086e-8
3.010729849338531e-8
3.0399146676063536e-8
3.1430864334106443e-8
3.3280616998672487e-8
3.423558473587036e-8
3.3679211139678953e-8
3.252706229686737e-8
3.149817585945129e-8
3.072380125522613e-8
3.276357650756836e-8
3.733200430870056e-8
3.910423517227173e-8
3.978486359119415e-8
4.108371138572693e-8
4.0844604372978205e-8
3.9165985584259034e-8
3.6596128344535826e-8
3.4156399965286254e-8
3.251992464065552e-8
3.053902685642242e-8
2.7993524074554443e-8
2.568295896053314e-8
2.3505404591560363e-8
2.139146775007248e-8
1.922539174556732e-8
1.7196206748485564e-8
1.5552277863025665e-8
1.4483891427516937e-8
1.4273060858249664e-8
1.4778707921504974e-8
1.562424600124359e-8
1.6341879963874816e-8
1.7057570815086363e-8
1.7353782057762146e-8
5.134407430887222e-10
1.4145683497190474e-9
2.2240996360778808e-9
3.188543766736984e-9
4.77844662964344e-9
7.453881949186325e-9
1.1593466252088546e-8
1.7217186093330383e-8
2.027372270822525e-8
2.0121723413467408e-8
2.1840944886207578e-8
2.7176162600517273e-8
3.284806311130523e-8
3.629997372627258e-8
4.1696923971176145e-8
4.674068987369537e-8
4.494497776031494e-8
3.7294468283653255e-8
2.8444668650627134e-8
2.2334416210651397e-8
1.867847740650177e-8
1.6429862380027772e-8
1.4776520431041718e-8
1.349162757396698e-8
1.233333796262741e-8
1.1013214290142058e-8
9.820414334535599e-9
9.073631465435028e-9
8.655795454978942e-9
8.473389595746994e-9
8.572007715702057e-9
8.898411691188811e-9
9.315796941518783e-9
9.776131808757781e-9
1.0408498346805571e-8
1.1340947449207306e-8
1.2659791111946106e-8
1.4226895570755005e-8
1.5418760478496552e-8
1.616624444723129e-8
1.671672910451889e-8
1.801680624485016e-8
2.010275572538376e-8
2.2569601237773896e-8
2.5971564650535583e-8
2.8726106882095336e-8
3.007639348506927e-8
3.191448152065277e-8
3.548910915851593e-8
3.947958946228027e-8
4.2718607187271114e-8
4.275816082954406e-8
4.4576191902160644e-8
5.106693506240845e-8
5.518937110900879e-8
5.652582049369812e-8
5.8681899309158324e-8
6.144671440124511e-8
6.227454543113708e-8
6.051780581474304e-8
5.526110529899597e-8
4.8258396983146663e-8
4.2546722292900083e-8
3.8094598054885864e-8
3.395905494689941e-8
3.1529092788696286e-8
3.092217743396759e-8
3.060900270938873e-8
3.069823384284973e-8
3.1575894355773925e-8
3.30340713262558e-8
3.3590215444564816e-8
3.298092782497406e-8
3.174408674240112e-8
3.058701157569885e-8
2.9784020781517027e-8
3.18422794342041e-8
3.626834154129028e-8
3.7805524468421934e-8
3.865184485912323e-8
4.028489291667938e-8
4.01621401309967e-8
3.847042322158813e-8
3.593190312385559e-8
3.364153504371643e-8
3.210335075855255e-8
3.009722530841827e-8
2.7603694796562193e-8
2.54116415977478e-8
2.3277270793914794e-8
2.112412005662918e-8
1.89504936337471e-8
1.6981960833072663e-8
1.5381011366844177e-8
1.4330163598060608e-8
1.4150390028953551e-8
1.4782185852527618e-8
1.56940221786499e-8
1.6230115294456483e-8
1.673264354467392e-8
1.6949059069156648e-8
5.265876185148954e-10
1.4455517753958702e-9
2.2745899856090543e-9
3.268430382013321e-9
4.883593320846557e-9
7.545778155326843e-9
1.1567556858062744e-8
1.6880638897418975e-8
1.9643834233283995e-8
1.9647081196308134e-8
2.1882495284080503e-8
2.765355408191681e-8
3.331455290317535e-8
3.6617258191108704e-8
4.195232987403869e-8
4.716789424419403e-8
4.542846083641052e-8
3.7505596876144406e-8
2.8390604257583618e-8
2.218753397464752e-8
1.854920834302902e-8
1.634412556886673e-8
1.4715324342250823e-8
1.3434208929538726e-8
1.2266840040683745e-8
1.0939033329486847e-8
9.755264967679978e-9
9.029652178287505e-9
8.631673455238341e-9
8.462116867303847e-9
8.575665205717086e-9
8.916041254997254e-9
9.328725934028625e-9
9.790883213281631e-9
1.0462051630020141e-8
1.1441916227340697e-8
1.2759239971637725e-8
1.4262260496616362e-8
1.538141518831253e-8
1.6123847663402557e-8
1.6726717352867127e-8
1.8034732341766356e-8
2.005496323108673e-8
2.251200973987579e-8
2.6043641567230224e-8
2.8846821188926695e-8
2.997671365737915e-8
3.166036605834961e-8
3.543634116649628e-8
3.974709510803222e-8
4.316718280315399e-8
4.329756796360016e-8
4.525309801101684e-8
5.203334093093872e-8
5.626335740089416e-8
5.727418065071106e-8
5.919632911682129e-8
6.20309293270111e-8
6.33307933807373e-8
6.225007176399231e-8
5.7037407159805296e-8
4.9439838528633116e-8
4.314617216587067e-8
3.8297286629676816e-8
3.4050557017326356e-8
3.180008828639984e-8
3.134184181690216e-8
3.0991965532302857e-8
3.092531263828278e-8
3.152906000614166e-8
3.26579213142395e-8
3.298794627189636e-8
3.225193917751312e-8
3.0929234623909e-8
2.9713821411132812e-8
2.8923624753952024e-8
3.09311717748642e-8
3.518723845481872e-8
3.666159212589264e-8
3.764441609382629e-8
3.946183323860168e-8
3.944328129291534e-8
3.779088258743286e-8
3.531948924064636e-8
3.313180804252624e-8
3.165657520294189e-8
2.9679763317108154e-8
2.7243891358375548e-8
2.512407898902893e-8
2.3023530840873718e-8
2.0866410434246063e-8
1.870194375514984e-8
1.6768807172775267e-8
1.520668864250183e-8
1.4186310768127441e-8
1.4057309925556183e-8
1.4759881794452667e-8
1.568377465009689e-8
1.611611247062683e-8
1.6463743150234222e-8
1.657799929380417e-8
5.393217317759991e-10
1.478592213243246e-9
2.3285552859306333e-9
3.3435158431529996e-9
4.9702364951372146e-9
7.600781321525573e-9
1.1492064595222473e-8
1.6557683050632476e-8
1.915694773197174e-8
1.9303804636001586e-8
2.187325209379196e-8
2.7976664900779724e-8
3.373914062976837e-8
3.696428537368774e-8
4.227856695652008e-8
4.7585240006446837e-8
4.582580327987671e-8
3.768932521343231e-8
2.8369072079658506e-8
2.2077539563179014e-8
1.8436677753925323e-8
1.6257375478744506e-8
1.4648576080799101e-8
1.3371430337429047e-8
1.2198810279369354e-8
1.0870489478111267e-8
9.697205573320388e-9
8.98863449692726e-9
8.607620000839232e-9
8.453299850225448e-9
8.580392599105835e-9
8.927948772907257e-9
9.34396982192993e-9
9.819695353507994e-9
1.0520905256271362e-8
1.152641549706459e-8
1.2834374606609343e-8
1.4290803670883179e-8
1.536465138196945e-8
1.6102117300033567e-8
1.6724064946174622e-8
1.8028846383094787e-8
2.002529352903366e-8
2.2497667372226713e-8
2.6088690757751463e-8
2.8883877396583555e-8
2.989598214626312e-8
3.152441382408142e-8
3.5432568192481995e-8
3.998189866542816e-8
4.3601113557815547e-8
4.385076463222503e-8
4.5956909656524656e-8
5.296504497528076e-8
5.723744630813598e-8
5.803159475326538e-8
5.98246157169342e-8
6.27924084663391e-8
6.45286500453949e-8
6.39164924621582e-8
5.863421559333801e-8
5.051174163818359e-8
4.3694016337394716e-8
3.854323029518127e-8
3.426731526851654e-8
3.211629092693329e-8
3.17099779844284e-8
3.128350973129272e-8
3.101653456687927e-8
3.135324716567993e-8
3.222593069076538e-8
3.2363682985305784e-8
3.150738775730133e-8
3.011703193187713e-8
2.888130247592926e-8
2.8100502490997313e-8
3.0035769939422604e-8
3.415208160877228e-8
3.562192916870117e-8
3.671191036701202e-8
3.864240646362305e-8
3.871287405490875e-8
3.712685406208038e-8
3.47335547208786e-8
3.26269656419754e-8
3.120600879192352e-8
2.927511930465698e-8
2.6896458864212035e-8
2.482956051826477e-8
2.2759459912776948e-8
2.0614245533943177e-8
1.8466104567050933e-8
1.6562281548976896e-8
1.503501534461975e-8
1.4053243398666381e-8
1.3970480859279632e-8
1.4715197682380676e-8
1.5635028481483458e-8
1.5991996228694916e-8
1.6224919259548185e-8
1.6244584321975706e-8
5.514869932085276e-10
1.5130953863263129e-9
2.384414710104465e-9
3.419109061360359e-9
5.054163187742233e-9
7.644777745008469e-9
1.1435520648956299e-8
1.6266879439353942e-8
1.869261860847473e-8
1.9065445661544797e-8
2.2001777589321134e-8
2.8344273567199705e-8
3.397600054740906e-8
3.720818758010864e-8
4.263153374195099e-8
4.803681969642639e-8
4.6147841215133666e-8
3.7730929255485535e-8
2.8364434838294983e-8
2.2051331400871276e-8
1.8375720083713532e-8
1.6180264949798582e-8
1.4577551186084747e-8
1.3298723101615906e-8
1.2118789553642272e-8
1.0802203416824341e-8
9.641917794942856e-9
8.944466710090636e-9
8.580298721790314e-9
8.449063450098037e-9
8.59662890434265e-9
8.94242450594902e-9
9.352453798055648e-9
9.861161559820175e-9
1.0596875101327895e-8
1.1606386303901673e-8
1.2902094423770903e-8
1.430951952934265e-8
1.5372006595134734e-8
1.61283478140831e-8
1.671564280986786e-8
1.7967453598976136e-8
2.0002636313438415e-8
2.2560290992259977e-8
2.6111337542533873e-8
2.883736193180084e-8
2.986813187599182e-8
3.151566088199615e-8
3.5423704981803895e-8
4.0136340260505676e-8
4.410566389560699e-8
4.4406116008758544e-8
4.6638360619544984e-8
5.39018988609314e-8
5.806622505187988e-8
5.851190686225891e-8
6.027455925941467e-8
6.351727843284607e-8
6.567896604537963e-8
6.547343730926514e-8
6.014132499694824e-8
5.161013603210449e-8
4.436210095882415e-8
3.8934457302093506e-8
3.462966382503509e-8
3.252158164978027e-8
3.2062408328056334e-8
3.1527450680732725e-8
3.103680610656738e-8
3.112546503543854e-8
3.1770232319831846e-8
3.1746909022331237e-8
3.082393407821655e-8
2.9362568259239196e-8
2.807161211967468e-8
2.7303719520568848e-8
2.9173982143402097e-8
3.31650972366333e-8
3.4657362103462216e-8
3.5835322737693785e-8
3.782978355884552e-8
3.7968936562538145e-8
3.646673262119293e-8
3.415545225143433e-8
3.2117387652397154e-8
3.0753269791603085e-8
2.88934588432312e-8
2.6567858457565307e-8
2.452865093946457e-8
2.2488270699977872e-8
2.0373401045799255e-8
1.8251016736030577e-8
1.6375696659088135e-8
1.4886946976184844e-8
1.3965398073196411e-8
1.3920956850051879e-8
1.4656825363636016e-8
1.5539222955703733e-8
1.5837053954601286e-8
1.600777506828308e-8
1.595092415809631e-8
5.596308503299951e-10
1.5468054451048373e-9
2.453774958848953e-9
3.539573401212692e-9
5.2319169044494625e-9
7.813730835914612e-9
1.1646521091461181e-8
1.599874198436737e-8
1.786023825407028e-8
1.9070824980735777e-8
2.3225753009319304e-8
2.945762276649475e-8
3.329854309558868e-8
3.665158450603485e-8
4.292326271533966e-8
4.8775699734687804e-8
4.621744155883789e-8
3.697243630886078e-8
2.833725810050964e-8
2.2427871823310853e-8
1.857517510652542e-8
1.616166681051254e-8
1.4501258730888367e-8
1.317908465862274e-8
1.1959324777126311e-8
1.0708742588758467e-8
9.574475884437561e-9
8.863788843154907e-9
8.524128049612045e-9
8.47119316458702e-9
8.695179969072341e-9
8.97592231631279e-9
9.299029409885406e-9
9.945153445005416e-9
1.078740730881691e-8
1.1733969300985335e-8
1.3005723059177398e-8
1.428520381450653e-8
1.5472620725631712e-8
1.6414800286293028e-8
1.6690738499164582e-8
1.760125607252121e-8
1.9948510825634e-8
2.3042008280754088e-8
2.6108238101005553e-8
2.8477197885513304e-8
3.007052838802338e-8
3.193931877613067e-8
3.514797687530518e-8
3.9812588691711425e-8
4.511769413948059e-8
4.492498338222503e-8
4.7142666578292845e-8
5.5025553703308105e-8
5.816084146499634e-8
5.7014018297195435e-8
5.8865869045257566e-8
6.305272579193115e-8
6.591681241989136e-8
6.659397482872009e-8
6.180564165115356e-8
5.34843623638153e-8
4.6024566888809205e-8
4.0012079477310176e-8
3.5629501938819884e-8
3.352280557155609e-8
3.26880156993866e-8
3.210818171501159e-8
3.131095468997955e-8
3.108753561973571e-8
3.146445453166961e-8
3.13370943069458e-8
3.058488965034485e-8
2.8878971934318542e-8
2.7246832847595213e-8
2.6534387469291685e-8
2.8366222977638243e-8
3.2174688577651974e-8
3.374209105968475e-8
3.501710593700409e-8
3.698464334011078e-8
3.712889552116394e-8
3.575457334518433e-8
3.3532530069351195e-8
3.153928220272064e-8
3.027070164680481e-8
2.861321270465851e-8
2.6327037811279296e-8
2.4205997586250304e-8
2.2196431457996367e-8
2.0187413692474366e-8
1.8126676976680753e-8
1.6286176443099976e-8
1.4873196184635161e-8
1.4149427413940429e-8
1.4121466875076293e-8
1.4601558446884154e-8
1.5269148349761963e-8
1.5522150695323943e-8
1.5816548466682434e-8
1.5726374089717864e-8
5.696921609342098e-10
1.5856103971600532e-9
2.529829367995262e-9
3.6594972014427183e-9
5.382248759269714e-9
7.985517382621765e-9
1.1695904284715651e-8
1.5718449652194977e-8
1.7481184005737303e-8
1.918279230594635e-8
2.3990716040134428e-8
3.008836805820465e-8
3.31462949514389e-8
3.64017367362976e-8
4.309298694133758e-8
4.918857216835022e-8
4.6189650893211363e-8
3.667626678943634e-8
2.8302249312400816e-8
2.2631783783435822e-8
1.8721741437911988e-8
1.6171658039093017e-8
1.4423145353794097e-8
1.305532157421112e-8
1.183721348643303e-8
1.0609684884548188e-8
9.495669603347779e-9
8.79848226904869e-9
8.495748043060302e-9
8.503595739603042e-9
8.746093511581421e-9
8.992070704698563e-9
9.324107319116591e-9
1.0033994168043137e-8
1.09230637550354e-8
1.1864759773015976e-8
1.3070982694625853e-8
1.434258073568344e-8
1.5604440867900848e-8
1.6533705592155456e-8
1.662813574075699e-8
1.7451116442680358e-8
1.9982483983039855e-8
2.3217025399208067e-8
2.6117458939552307e-8
2.8393784165382386e-8
3.019360899925232e-8
3.209023773670197e-8
3.505525290966034e-8
3.986724019050598e-8
4.574125111103058e-8
4.549057483673095e-8
4.775157272815704e-8
5.5724322795867915e-8
5.802655220031738e-8
5.596344470977783e-8
5.783340334892273e-8
6.263133287429809e-8
6.620052456855774e-8
6.771118640899658e-8
6.346499919891357e-8
5.528538823127746e-8
4.7574582695960995e-8
4.122347831726074e-8
3.66679847240448e-8
3.436590135097503e-8
3.335900008678436e-8
3.25406938791275e-8
3.147177696228027e-8
3.097111284732819e-8
3.116232454776764e-8
3.101663887500763e-8
3.017508089542389e-8
2.8271904587745666e-8
2.6533648371696472e-8
2.5795745849609373e-8
2.7561035752296447e-8
3.1278562545776367e-8
3.287920951843261e-8
3.4200644493103025e-8
3.6159607768058776e-8
3.633681833744049e-8
3.5050684213638305e-8
3.2915067672729494e-8
3.099725842475891e-8
2.9833725094795225e-8
2.829185128211975e-8
2.6046687364578245e-8
2.3917202651500702e-8
2.193678021430969e-8
1.999587267637253e-8
1.799868941307068e-8
1.62160724401474e-8
1.4904890954494477e-8
1.4275817573070526e-8
1.4223168790340423e-8
1.4548191428184509e-8
1.5054669976234435e-8
1.5269145369529723e-8
1.5583938360214233e-8
1.5510469675064085e-8
5.816763266921043e-10
1.6291379928588867e-9
2.6092449203133583e-9
3.771744295954704e-9
5.5230166763067245e-9
8.104316890239715e-9
1.1685806512832641e-8
1.5516966581344604e-8
1.7299644649028777e-8
1.9328336417675017e-8
2.44924396276474e-8
3.053208291530609e-8
3.3190029859542844e-8
3.633533120155334e-8
4.3213474750518794e-8
4.941461682319641e-8
4.617626070976257e-8
3.6547490954399105e-8
2.8301796317100524e-8
2.2752125561237335e-8
1.882212460041046e-8
1.6177663207054136e-8
1.4349043369293212e-8
1.2944531440734862e-8
1.1724331229925156e-8
1.0513330996036529e-8
9.418651461601256e-9
8.74677523970604e-9
8.483756333589553e-9
8.527300506830215e-9
8.777731657028199e-9
9.021290391683578e-9
9.372328221797943e-9
1.0123296827077866e-8
1.104261577129364e-8
1.1970378458499907e-8
1.3151082396507263e-8
1.4429144561290741e-8
1.570923179388046e-8
1.6588285565376282e-8
1.6585497558116913e-8
1.739540249109268e-8
2.0012024044990537e-8
2.329704463481903e-8
2.614135444164276e-8
2.8401020169258118e-8
3.027170896530151e-8
3.2163259387016297e-8
3.507731258869171e-8
4.004859626293182e-8
4.6244677901268005e-8
4.604295492172241e-8
4.831096231937408e-8
5.616692304611206e-8
5.7818102836608885e-8
5.519195795059204e-8
5.706401467323303e-8
6.230906844139099e-8
6.654059290885925e-8
6.88291847705841e-8
6.510027647018433e-8
5.702444314956665e-8
4.9107441306114196e-8
4.2476618289947505e-8
3.767813146114349e-8
3.517259061336517e-8
3.394720554351806e-8
3.287658393383026e-8
3.1535354256629944e-8
3.081254065036774e-8
3.088116645812988e-8
3.06456059217453e-8
2.9671478271484375e-8
2.764853239059448e-8
2.5847771763801575e-8
2.5087520480155944e-8
2.6797103881835938e-8
3.0440658330917354e-8
3.205600082874298e-8
3.3402907848358155e-8
3.535985648632049e-8
3.557380139827728e-8
3.436278700828552e-8
3.231407701969147e-8
3.0484291911125184e-8
2.941157519817352e-8
2.7952450513839722e-8
2.575268745422363e-8
2.3642709851264954e-8
2.169562727212906e-8
1.980960965156555e-8
1.7875204980373382e-8
1.6166046261787413e-8
1.4938431978225708e-8
1.436142474412918e-8
1.427469104528427e-8
1.4486372470855712e-8
1.487886607646942e-8
1.5042714774608612e-8
1.5353813767433165e-8
1.5291430056095123e-8
5.95523277297616e-10
1.6761094331741332e-9
2.688234858214855e-9
3.878938406705856e-9
5.641666799783706e-9
8.184950798749923e-9
1.1661679297685622e-8
1.5385849773883818e-8
1.7221885919570923e-8
1.9469930231571197e-8
2.4853615462779996e-8
3.088056147098541e-8
3.331615924835205e-8
3.636758625507355e-8
4.331399500370025e-8
4.95498776435852e-8
4.61817592382431e-8
3.64986777305603e-8
2.8319805860519408e-8
2.283297777175903e-8
1.8886055052280424e-8
1.6172924637794495e-8
1.4280073344707489e-8
1.284266710281372e-8
1.1618853360414505e-8
1.0421095043420792e-8
9.348691999912262e-9
8.706474304199218e-9
8.47674235701561e-9
8.544732630252838e-9
8.806294202804565e-9
9.059059619903565e-9
9.431330859661101e-9
1.0212418437004089e-8
1.1147803068161011e-8
1.2068720161914825e-8
1.3239884376525879e-8
1.4519485831260681e-8
1.578945219516754e-8
1.6620638966560365e-8
1.6566239297389983e-8
1.73763170838356e-8
2.0034492015838623e-8
2.3343901336193083e-8
2.617462873458862e-8
2.8435432910919188e-8
3.033111393451691e-8
3.222620785236359e-8
3.516496121883392e-8
4.0282481908798213e-8
4.670426547527313e-8
4.6555197238922116e-8
4.878466129302978e-8
5.645086765289306e-8
5.759860873222351e-8
5.4608476161956784e-8
5.64920425415039e-8
6.210061907768249e-8
6.694182753562926e-8
6.995229721069335e-8
6.670969724655151e-8
5.8726191520690916e-8
5.063366889953613e-8
4.372908473014831e-8
3.866488039493561e-8
3.592080473899841e-8
3.445312678813934e-8
3.3119359612464906e-8
3.153134286403656e-8
3.06304782629013e-8
3.057334423065185e-8
3.021827936172485e-8
2.9121983051300046e-8
2.701732814311981e-8
2.5182235240936277e-8
2.441108524799347e-8
2.607474625110626e-8
2.964821457862854e-8
3.12671035528183e-8
3.2629784941673274e-8
3.458509743213653e-8
3.483473658561706e-8
3.3693909645080564e-8
3.1732884049415584e-8
2.9991406202316285e-8
2.899677753448486e-8
2.7605479955673216e-8
2.5454214215278624e-8
2.3376595973968505e-8
2.14668333530426e-8
1.963186264038086e-8
1.776143908500671e-8
1.6124702990055084e-8
1.4964017271995544e-8
1.4416432380676269e-8
1.4294485747814178e-8
1.4419735968112945e-8
1.4722900092601776e-8
1.4837303757667542e-8
1.5131840109825132e-8
1.5071448683738707e-8
6.078344769775867e-10
1.7130617052316665e-9
2.7576491236686706e-9
3.992103040218353e-9
5.79436756670475e-9
8.338747173547745e-9
1.168217360973358e-8
1.5124300122261047e-8
1.729053556919098e-8
2.0229232311248778e-8
2.6099351048469542e-8
3.079492449760437e-8
3.2706132531166074e-8
3.633880317211151e-8
4.354392290115356e-8
4.987039566040039e-8
4.569459557533264e-8
3.588298857212066e-8
2.8073924779891967e-8
2.2831185162067413e-8
1.909944266080856e-8
1.6351068019866943e-8
1.4283585548400878e-8
1.2737160921096802e-8
1.1490377783775329e-8
1.0323700308799743e-8
9.314979612827301e-9
8.731015026569366e-9
8.587791770696639e-9
8.676865696907043e-9
8.847881108522415e-9
9.097392112016677e-9
9.522119164466858e-9
1.0266048461198807e-8
1.1207103729248047e-8
1.213764175772667e-8
1.3228584825992583e-8
1.4545929431915282e-8
1.5716256201267243e-8
1.6505438089370726e-8
1.670623868703842e-8
1.7468181252479554e-8
1.9911885261535643e-8
2.3132431507110595e-8
2.6235121488571167e-8
2.8509157896041868e-8
3.018965721130371e-8
3.2197362184524536e-8
3.534007668495178e-8
4.0398642420768733e-8
4.7032368183135986e-8
4.683951139450073e-8
4.828360080718994e-8
5.588654279708862e-8
5.7272022962570185e-8
5.465283989906311e-8
5.6418323516845703e-8
6.112144589424133e-8
6.599372029304504e-8
6.99114203453064e-8
6.809126734733581e-8
6.080731749534607e-8
5.28303861618042e-8
4.571369290351867e-8
4.0081334114074705e-8
3.70261400938034e-8
3.521414399147034e-8
3.329799473285675e-8
3.153176307678223e-8
3.0900365114212036e-8
3.089872896671295e-8
3.0186551809310914e-8
2.874503433704376e-8
2.656794190406799e-8
2.4647416174411773e-8
2.3756499588489532e-8
2.539760172367096e-8
2.90086030960083e-8
3.065482378005981e-8
3.201124668121338e-8
3.391058444976807e-8
3.415364921092987e-8
3.3060327172279356e-8
3.116632103919983e-8
2.954838275909424e-8
2.863262891769409e-8
2.723099887371063e-8
2.5106844305992126e-8
2.310771942138672e-8
2.125502973794937e-8
1.94356307387352e-8
1.7572900652885438e-8
1.609070599079132e-8
1.5046121180057526e-8
1.4600056409835814e-8
1.4390209317207336e-8
1.431814283132553e-8
1.4646466076374053e-8
1.4670997858047484e-8
1.4801786839962004e-8
1.476413309574127e-8
6.189099047333002e-10
1.746925339102745e-9
2.826263941824436e-9
4.110585898160934e-9
5.963290110230446e-9
8.503851294517517e-9
1.1687855422496795e-8
1.4957234263420104e-8
1.753068119287491e-8
2.1285103261470794e-8
2.7385082840919493e-8
3.0628421902656555e-8
3.200430870056152e-8
3.6195480823516846e-8
4.376063048839569e-8
5.007280111312866e-8
4.5027652382850646e-8
3.509481847286224e-8
2.7682268619537353e-8
2.2806711494922636e-8
1.934233456850052e-8
1.658360660076141e-8
1.4329402148723601e-8
1.2646216154098511e-8
1.1365038901567458e-8
1.0238907486200333e-8
9.306961297988892e-9
8.810260891914367e-9
8.755169808864593e-9
8.836236596107483e-9
8.917826414108275e-9
9.15483832359314e-9
9.59952026605606e-9
1.0310196131467819e-8
1.1244459450244903e-8
1.2157052010297774e-8
1.3188967108726502e-8
1.4493264257907867e-8
1.5576162934303283e-8
1.6404882073402405e-8
1.6844080388545988e-8
1.7550265789031982e-8
1.9743639230728147e-8
2.2885656356811524e-8
2.623828649520874e-8
2.8528931736946105e-8
3.0021995306015015e-8
3.2141804695129395e-8
3.547950685024261e-8
4.047185182571411e-8
4.722087681293487e-8
4.6821919083595274e-8
4.744364619255066e-8
5.4992854595184325e-8
5.6877851486206054e-8
5.4819053411483765e-8
5.637903213500976e-8
5.987250804901123e-8
6.453701853752135e-8
6.928328275680541e-8
6.916607022285461e-8
6.296142935752869e-8
5.536420941352844e-8
4.8079231381416316e-8
4.18329507112503e-8
3.835016787052154e-8
3.605154752731323e-8
3.3559244871139526e-8
3.173074126243591e-8
3.143426477909088e-8
3.146265745162964e-8
3.032649755477905e-8
2.851457595825195e-8
2.619975209236145e-8
2.415392845869064e-8
2.3159380257129667e-8
2.4797841906547544e-8
2.8453814983367918e-8
3.013362884521484e-8
3.146934807300568e-8
3.329853415489197e-8
3.351754546165466e-8
3.2456201314926146e-8
3.063326478004455e-8
2.913064956665039e-8
2.8272971510887143e-8
2.685240805149078e-8
2.475443035364151e-8
2.283530980348587e-8
2.103857696056366e-8
1.9223879277706146e-8
1.7390874028205872e-8
1.6060030460357665e-8
1.516899913549423e-8
1.4811870455741882e-8
1.4494119584560393e-8
1.4259836077690124e-8
1.457257866859436e-8
1.4491957426071166e-8
1.4462427794933318e-8
1.4406625926494598e-8
6.306695286184549e-10
1.7860887572169304e-9
2.900833077728748e-9
4.226849973201752e-9
6.109865754842758e-9
8.616525679826735e-9
1.1699423193931578e-8
1.4986070990562437e-8
1.7901542782783506e-8
2.2122497856616974e-8
2.8169751167297362e-8
3.067361414432525e-8
3.1678593158721925e-8
3.605203926563263e-8
4.382084906101227e-8
5.001276731491089e-8
4.4505146145820614e-8
3.451107144355774e-8
2.7353620529174804e-8
2.2784751653671262e-8
1.9504602253437043e-8
1.674137860536575e-8
1.4366818964481353e-8
1.2578485906124114e-8
1.1267802864313126e-8
1.0177259892225266e-8
9.316325187683105e-9
8.902526646852493e-9
8.896130323410034e-9
8.960679173469544e-9
9.00517776608467e-9
9.223598986864089e-9
9.657520055770873e-9
1.0358709096908568e-8
1.1275724321603775e-8
1.2158100306987761e-8
1.3159483671188354e-8
1.4415915310382843e-8
1.5478396415710448e-8
1.6377057135105133e-8
1.6893090307712554e-8
1.7557457089424133e-8
1.9627344608306884e-8
2.2743864357471467e-8
2.6178488135337827e-8
2.8484863042831418e-8
2.993846535682678e-8
3.211852610111237e-8
3.555039763450622e-8
4.056044518947601e-8
4.7310417890548704e-8
4.664553105831146e-8
4.6833252906799315e-8
5.4286861419677734e-8
5.648841857910156e-8
5.4737466573715207e-8
5.609278082847595e-8
5.889473557472229e-8
6.347383260726929e-8
6.888144016265869e-8
7.013118267059326e-8
6.494919061660766e-8
5.7792752981185913e-8
5.0352096557617185e-8
4.36027854681015e-8
3.96120011806488e-8
3.6796599626541135e-8
3.394040763378143e-8
3.209460377693176e-8
3.1904941797256465e-8
3.182059824466705e-8
3.036434650421143e-8
2.8277543187141418e-8
2.5793007016181946e-8
2.364843338727951e-8
2.2626522183418273e-8
2.426398545503616e-8
2.7913299202919004e-8
2.960693538188934e-8
3.092148900032043e-8
3.269967436790466e-8
3.290412127971649e-8
3.187719881534576e-8
3.013203144073486e-8
2.8711354732513426e-8
2.7892750501632688e-8
2.648739516735077e-8
2.4427089095115662e-8
2.25639209151268e-8
2.0810015499591825e-8
1.90244123339653e-8
1.725902557373047e-8
1.6043879091739653e-8
1.527666002511978e-8
1.4956547319889067e-8
1.4566771686077117e-8
1.4239268004894256e-8
1.4466196298599242e-8
1.429244577884674e-8
1.4173442125320435e-8
1.4063833653926848e-8
6.436103954911232e-10
1.8293023109436034e-9
2.977962791919708e-9
4.336526244878769e-9
6.232012063264847e-9
8.707302808761597e-9
1.1755525320768357e-8
1.51267796754837e-8
1.8307025730609894e-8
2.2777187824249266e-8
2.8751197457313535e-8
3.080276846885681e-8
3.153883516788483e-8
3.593887984752655e-8
4.37725692987442e-8
4.982533156871795e-8
4.4059765338897704e-8
3.405763506889343e-8
2.7090781927108763e-8
2.2751425206661222e-8
1.9611866772174833e-8
1.6849684715270994e-8
1.4391839504241942e-8
1.252724528312683e-8
1.1194901913404464e-8
1.0137400776147842e-8
9.342182427644729e-9
8.992654085159302e-9
9.017696231603622e-9
9.074364602565765e-9
9.093973785638808e-9
9.292212873697281e-9
9.713459759950638e-9
1.0401679575443267e-8
1.129891350865364e-8
1.2154775857925415e-8
1.3121362030506133e-8
1.4346522092819213e-8
1.5413546562194824e-8
1.635673940181732e-8
1.6903361678123472e-8
1.753329187631607e-8
1.9541363418102265e-8
2.2639077901840207e-8
2.6101404428482055e-8
2.8424087166786192e-8
2.988456487655639e-8
3.210819363594055e-8
3.5597214102745057e-8
4.0623751282691956e-8
4.731718003749847e-8
4.642307460308075e-8
4.6351000666618347e-8
5.37022590637207e-8
5.6089955568313596e-8
5.449952483177185e-8
5.5689859390258786e-8
5.810270309448242e-8
6.268700957298279e-8
6.866537928581238e-8
7.105361819267273e-8
6.681411862373351e-8
6.011266112327575e-8
5.2555519342422485e-8
4.5336127281188966e-8
4.0821874141693113e-8
3.7540385127067566e-8
3.4410110116004944e-8
3.250872492790222e-8
3.229628801345825e-8
3.204848766326904e-8
3.032462000846863e-8
2.8001403808593748e-8
2.5368472933769224e-8
2.3161998391151426e-8
2.2138342261314392e-8
2.3768861591815946e-8
2.7389317750930786e-8
2.9080399870872495e-8
3.037552535533905e-8
3.211341500282288e-8
3.2311624288558957e-8
3.132334351539612e-8
2.9648905992507934e-8
2.8292593359947203e-8
2.7508887648582457e-8
2.6131603121757507e-8
2.411280423402786e-8
2.22953662276268e-8
2.0582294464111328e-8
1.8843653798103333e-8
1.7153330147266386e-8
1.6039741039276124e-8
1.5360014140605925e-8
1.5062250196933747e-8
1.4622925221920012e-8
1.4212860167026519e-8
1.435064822435379e-8
1.4093454182147978e-8
1.3903598487377165e-8
1.374383270740509e-8
6.561505142599344e-10
1.8700281158089636e-9
3.054499253630638e-9
4.44067008793354e-9
6.333222985267639e-9
8.767613768577575e-9
1.1808124929666519e-8
1.529305428266525e-8
1.868770569562912e-8
2.336658090353012e-8
2.924569547176361e-8
3.097818791866302e-8
3.15546840429306e-8
3.5835537314414976e-8
4.361401498317718e-8
4.9618947505950927e-8
4.372188150882721e-8
3.37324321269989e-8
2.688830494880676e-8
2.2674065828323362e-8
1.9621421396732328e-8
1.6903774440288544e-8
1.4429990947246551e-8
1.2509983777999877e-8
1.1144318431615828e-8
1.0107504576444625e-8
9.386003762483596e-9
9.098367393016815e-9
9.129327535629272e-9
9.157894551753997e-9
9.149911254644394e-9
9.339071810245514e-9
9.754341095685959e-9
1.0424964874982833e-8
1.1303569376468659e-8
1.2142115086317062e-8
1.3078698515892028e-8
1.428438127040863e-8
1.5391215682029722e-8
1.6347436606884003e-8
1.6885489225387572e-8
1.7527826130390168e-8
1.9476109743118284e-8
2.252775877714157e-8
2.599351108074188e-8
2.8306502103805542e-8
2.982134222984314e-8
3.210566341876984e-8
3.5642430186271664e-8
4.063977897167206e-8
4.727476537227631e-8
4.616977572441101e-8
4.5736581087112425e-8
5.2953928709030146e-8
5.567998886108398e-8
5.4277956485748286e-8
5.540714859962463e-8
5.7472813129425044e-8
6.205490231513977e-8
6.855990290641785e-8
7.167526483535766e-8
6.818490624427795e-8
6.215906739234925e-8
5.483684539794922e-8
4.721192121505737e-8
4.2059138417243954e-8
3.836816549301147e-8
3.500772416591644e-8
3.2966277003288266e-8
3.266260623931885e-8
3.225226998329162e-8
3.0286112427711484e-8
2.7744844555854795e-8
2.502278685569763e-8
2.2803330421447753e-8
2.175340801477432e-8
2.3340532183647156e-8
2.68906831741333e-8
2.8565868735313414e-8
2.983633279800415e-8
3.153197169303894e-8
3.175516128540039e-8
3.083443939685822e-8
2.9212421178817747e-8
2.7885380387306212e-8
2.712254822254181e-8
2.5785231590270996e-8
2.3812673985958098e-8
2.202508747577667e-8
2.0351339876651764e-8
1.8674810230731963e-8
1.7069453001022337e-8
1.603443771600723e-8
1.540982127189636e-8
1.5151898562908172e-8
1.4704036712646484e-8
1.4230497181415557e-8
1.4264139533042907e-8
1.389540135860443e-8
1.366385966539383e-8
1.34645476937294e-8
6.581174209713935e-10
1.876196824014187e-9
3.12642864882946e-9
4.561240971088409e-9
6.390927731990814e-9
8.63402485847473e-9
1.157800555229187e-8
1.5216749906539916e-8
1.8938741087913512e-8
2.422807812690735e-8
2.9815706610679626e-8
3.123690783977508e-8
3.20223718881607e-8
3.565985858440399e-8
4.313368797302246e-8
4.9676844477653504e-8
4.380956590175628e-8
3.374136090278625e-8
2.6791483163833616e-8
2.234254032373428e-8
1.922584772109985e-8
1.6804565489292143e-8
1.4612799882888794e-8
1.2648220360279082e-8
1.1121389269828796e-8
1.0035724192857742e-8
9.4926580786705e-9
9.332157671451568e-9
9.233522415161132e-9
9.079468995332718e-9
8.995836228132248e-9
9.235667437314987e-9
9.703797101974487e-9
1.0345589369535446e-8
1.1216827481985092e-8
1.2103204429149628e-8
1.3014757633209229e-8
1.4207211136817932e-8
1.555061638355255e-8
1.642041057348251e-8
1.6829022765159605e-8
1.771498918533325e-8
1.9455905258655548e-8
2.2270096838474273e-8
2.568453550338745e-8
2.782888412475586e-8
2.9608139395713806e-8
3.211521506309509e-8
3.576248586177826e-8
4.053772091865539e-8
4.722621440887451e-8
4.573642015457153e-8
4.3843781948089594e-8
5.062799453735351e-8
5.516647696495056e-8
5.4673433303833006e-8
5.625531673431396e-8
5.713732242584228e-8
6.123911142349243e-8
6.824197769165038e-8
7.028381824493408e-8
6.675375103950501e-8
6.267771124839782e-8
5.790128111839294e-8
5.039954781532287e-8
4.377251863479614e-8
3.969895541667938e-8
3.619970381259918e-8
3.375430703163147e-8
3.3345538377761836e-8
3.291249573230743e-8
3.072364926338196e-8
2.790388762950897e-8
2.5288659334182737e-8
2.320496290922165e-8
2.1884815394878387e-8
2.3204146325588226e-8
2.6486334204673766e-8
2.8108707070350645e-8
2.9311150312423704e-8
3.0917653441429134e-8
3.1330132484436035e-8
3.065608739852905e-8
2.9009148478507993e-8
2.7538979053497313e-8
2.6714754104614256e-8
2.5459444522857665e-8
2.35543891787529e-8
2.1716926991939544e-8
2.0058155059814452e-8
1.8491864204406736e-8
1.7019754648208616e-8
1.6000767052173614e-8
1.5355600416660308e-8
1.5295906364917755e-8
1.5068675577640534e-8
1.4600758254528046e-8
1.4387226104736328e-8
1.3691379129886626e-8
1.3537317514419556e-8
1.3329958915710449e-8
6.603356450796127e-10
1.902257278561592e-9
3.1930122524499893e-9
4.6420238912105555e-9
6.4065121114254e-9
8.539691567420959e-9
1.1437612771987914e-8
1.519377529621124e-8
1.92426860332489e-8
2.4821346998214722e-8
3.038810193538666e-8
3.163636028766632e-8
3.225722312927246e-8
3.556630611419678e-8
4.2890822887420656e-8
4.963744282722473e-8
4.384543001651764e-8
3.371310234069824e-8
2.663430869579315e-8
2.2058279812335967e-8
1.896909475326538e-8
1.6737644374370573e-8
1.4701688289642334e-8
1.2729904055595398e-8
1.1121571063995362e-8
1.0053212940692901e-8
9.606371819972992e-9
9.477519989013671e-9
9.290981292724608e-9
9.016373008489609e-9
8.886929601430893e-9
9.143398702144622e-9
9.629616886377334e-9
1.0272734612226486e-8
1.1150190234184265e-8
1.2043787539005279e-8
1.2956862151622771e-8
1.4211778342723846e-8
1.5613920986652373e-8
1.6473302245140075e-8
1.688549667596817e-8
1.7765070497989655e-8
1.9412218034267425e-8
2.2070133686065672e-8
2.5358486175537107e-8
2.748197615146637e-8
2.939557135105133e-8
3.207709193229675e-8
3.578600287437439e-8
4.0467256307601924e-8
4.702338278293609e-8
4.5055720210075374e-8
4.240597486495971e-8
4.890167415142059e-8
5.444233417510986e-8
5.4741513729095456e-8
5.667847394943237e-8
5.695297122001648e-8
6.066871285438538e-8
6.771219372749328e-8
6.913149356842041e-8
6.587746739387511e-8
6.326668858528137e-8
6.031312942504882e-8
5.312346220016479e-8
4.576026201248169e-8
4.116816818714142e-8
3.7344470620155335e-8
3.461366593837738e-8
3.406264185905456e-8
3.351811468601227e-8
3.112142384052276e-8
2.818140387535095e-8
2.559351325035095e-8
2.3451127111911773e-8
2.1941761672496795e-8
2.3026201128959656e-8
2.612565755844116e-8
2.765255272388458e-8
2.8794917464256284e-8
3.0402511358261106e-8
3.0947712063789364e-8
3.0402338504791255e-8
2.8753787279129026e-8
2.7210709452629087e-8
2.635603845119476e-8
2.5137501955032348e-8
2.3262803256511687e-8
2.1430325508117676e-8
1.9805887341499328e-8
1.832924336194992e-8
1.694025546312332e-8
1.5958021581172942e-8
1.5381480753421782e-8
1.5468767285346983e-8
1.5376974642276762e-8
1.486883908510208e-8
1.444629430770874e-8
1.36066734790802e-8
1.3393229246139526e-8
1.3198418915271759e-8
6.652007345110178e-10
1.9335376098752023e-9
3.2504178583621977e-9
4.694521799683571e-9
6.407690793275833e-9
8.472397923469543e-9
1.1355816572904586e-8
1.523071378469467e-8
1.9518111646175385e-8
2.5316515564918518e-8
3.0931377410888673e-8
3.202967047691345e-8
3.243788778781891e-8
3.552830815315246e-8
4.2753487825393676e-8
4.9574309587478633e-8
4.3830752372741697e-8
3.364375829696655e-8
2.6463910937309265e-8
2.1825653314590454e-8
1.8784151971340177e-8
1.66814386844635e-8
1.4745280146598815e-8
1.277962327003479e-8
1.1150769889354704e-8
1.010703071951866e-8
9.707941114902495e-9
9.576890617609024e-9
9.318482130765915e-9
8.965104818344116e-9
8.800096064805985e-9
9.056947380304336e-9
9.552933275699616e-9
1.0203325748443603e-8
1.1085567623376846e-8
1.1984623223543167e-8
1.292138695716858e-8
1.4218299090862273e-8
1.5656445920467376e-8
1.6528986394405365e-8
1.6935932636260986e-8
1.778255999088287e-8
1.9345130026340485e-8
2.1883344650268552e-8
2.5070512294769285e-8
2.7190551161766052e-8
2.919897735118866e-8
3.19999873638153e-8
3.57535183429718e-8
4.03588205575943e-8
4.669936299324035e-8
4.4324296712875365e-8
4.1250625252723694e-8
4.7543931007385254e-8
5.3654551506042476e-8
5.457934737205505e-8
5.6824147701263425e-8
5.680243372917175e-8
6.021873354911804e-8
6.712536215782166e-8
6.820572018623352e-8
6.533997654914855e-8
6.388151049613953e-8
6.233936548233033e-8
5.555402040481567e-8
4.779195189476013e-8
4.272931814193725e-8
3.852207958698272e-8
3.550832569599151e-8
3.4791332483291625e-8
3.409853875637054e-8
3.153655827045441e-8
2.850614786148071e-8
2.586919069290161e-8
2.361997216939926e-8
2.192987948656082e-8
2.283329665660858e-8
2.5774770975112915e-8
2.720934450626373e-8
2.8314402699470517e-8
2.994348406791687e-8
3.057901263236999e-8
3.0110886693000794e-8
2.8469640016555786e-8
2.6893624663352964e-8
2.6020994782447813e-8
2.481774091720581e-8
2.2967560589313505e-8
2.1158675849437714e-8
1.9580376148223875e-8
1.817445158958435e-8
1.6853359341621398e-8
1.5932148694992066e-8
1.5443035960197448e-8
1.5651303529739378e-8
1.5634718537330627e-8
1.506446748971939e-8
1.4502370357513427e-8
1.3540366291999817e-8
1.3274285197257996e-8
1.3065560162067413e-8
6.723785307258367e-10
1.964614726603031e-9
3.296828642487526e-9
4.730187356472015e-9
6.403799355030059e-9
8.427111059427261e-9
1.131938099861145e-8
1.5300898253917693e-8
1.977500468492508e-8
2.5755730271339417e-8
3.143313825130462e-8
3.2396960258483886e-8
3.2607150077819825e-8
3.552930951118469e-8
4.267116487026214e-8
4.950494468212127e-8
4.377813637256622e-8
3.3545902371406553e-8
2.6298198103904723e-8
2.1633769571781157e-8
1.86405748128891e-8
1.663006842136383e-8
1.4764349162578582e-8
1.2819238007068634e-8
1.1195867508649825e-8
1.0174155980348587e-8
9.795525670051575e-9
9.64602380990982e-9
9.330063313245772e-9
8.919279277324677e-9
8.725245296955108e-9
8.976884186267852e-9
9.478294104337692e-9
1.0135375708341599e-8
1.1022850126028061e-8
1.1933547258377075e-8
1.2894709408283233e-8
1.4224840700626373e-8
1.5692487359046935e-8
1.6577880084514618e-8
1.697394549846649e-8
1.7779093980789184e-8
1.9265110790729522e-8
2.170668691396713e-8
2.481618821620941e-8
2.6936039328575134e-8
2.9012933373451233e-8
3.189614117145538e-8
3.5675024986267086e-8
4.0195891261100764e-8
4.629700779914856e-8
4.360917806625366e-8
4.0282866358757014e-8
4.6423658728599546e-8
5.28627872467041e-8
5.426570177078247e-8
5.6779479980468746e-8
5.663129687309265e-8
5.982667803764343e-8
6.655322313308716e-8
6.747285723686218e-8
6.502115726470947e-8
6.450792551040649e-8
6.41229748725891e-8
5.777350664138794e-8
4.979459047317505e-8
4.43402886390686e-8
3.9742672443389893e-8
3.64305168390274e-8
3.552656471729278e-8
3.467841744422913e-8
3.196991086006164e-8
2.8837889432907102e-8
2.6109886169433592e-8
2.3726998269557953e-8
2.1874675154685972e-8
2.2625569999217986e-8
2.5429385900497435e-8
2.6785942912101744e-8
2.786886692047119e-8
2.9519006609916684e-8
3.0215778946876525e-8
2.979852259159088e-8
2.8170511126518248e-8
2.658223509788513e-8
2.5698205828666684e-8
2.45033785700798e-8
2.2677232325077057e-8
2.090117037296295e-8
1.9371241331100463e-8
1.80271714925766e-8
1.6772250831127167e-8
1.5922927856445313e-8
1.5524137020111085e-8
1.582803726196289e-8
1.5850093960762022e-8
1.5220914781093596e-8
1.4546310901641846e-8
1.3488118350505828e-8
1.316932290792465e-8
1.2938642501831055e-8
6.808739621192216e-10
1.9945524632930756e-9
3.3535704016685484e-9
4.776300117373466e-9
6.3684940338134765e-9
8.301324397325515e-9
1.1181678622961044e-8
1.5330973267555237e-8
2.0475481450557707e-8
2.6861795783042907e-8
3.1586667895317074e-8
3.2311576604843135e-8
3.2750043272972106e-8
3.567616045475006e-8
4.2655009031295776e-8
4.8782864212989807e-8
4.378174841403961e-8
3.3987972140312196e-8
2.63376772403717e-8
2.1545413136482238e-8
1.8466433882713317e-8
1.6316621005535123e-8
1.4500975608825684e-8
1.2743951380252837e-8
1.1252350360155105e-8
1.0350292921066284e-8
9.972871094942093e-9
9.705539792776108e-9
9.26091820001602e-9
8.80299210548401e-9
8.694222569465637e-9
8.985109627246855e-9
9.42346230149269e-9
1.0040602833032607e-8
1.0906869918107986e-8
1.1848922073841094e-8
1.2852881848812103e-8
1.4082084596157073e-8
1.540168970823288e-8
1.6405242681503295e-8
1.7151977121829986e-8
1.8136295676231383e-8
1.940591335296631e-8
2.1523895859718322e-8
2.447984665632248e-8
2.6573169231414794e-8
2.8576290607452392e-8
3.152383267879486e-8
3.551831841468811e-8
4.0151202678680416e-8
4.5655968785285944e-8
4.3211200833320615e-8
3.9702519774436947e-8
4.510393440723419e-8
5.156063437461853e-8
5.3654277324676514e-8
5.694958567619323e-8
5.6941527128219605e-8
5.966145992279052e-8
6.585755944252014e-8
6.691185832023621e-8
6.465857028961181e-8
6.368425488471985e-8
6.385479569435119e-8
5.924986600875854e-8
5.152806639671325e-8
4.576230347156524e-8
4.127281010150909e-8
3.769106268882751e-8
3.679559230804443e-8
3.599293828010559e-8
3.272817134857178e-8
2.9499670863151548e-8
2.6578032970428467e-8
2.4085435271263122e-8
2.2261372208595276e-8
2.2733159363269806e-8
2.5165715813636778e-8
2.6399400830268857e-8
2.7585786581039427e-8
2.9369565844535826e-8
3.003297448158264e-8
2.9453104734420776e-8
2.7840277552604674e-8
2.631617486476898e-8
2.5413140654563903e-8
2.421862632036209e-8
2.2413671016693113e-8
2.0673683285713195e-8
1.9211715459823607e-8
1.7956387996673583e-8
1.6758538782596586e-8
1.5955370664596558e-8
1.57315656542778e-8
1.6173462569713593e-8
1.6132864356040955e-8
1.53831347823143e-8
1.469798982143402e-8
1.3651853799819946e-8
1.3290689885616302e-8
1.2918248772621154e-8
6.90116686746478e-10
2.027187682688236e-9
3.4092936664819714e-9
4.8098705708980554e-9
6.3126459717750545e-9
8.151603490114212e-9
1.1029461026191712e-8
1.5451373159885407e-8
2.134464532136917e-8
2.8008943796157837e-8
3.1732934713363646e-8
3.213233947753906e-8
3.282535970211029e-8
3.58170598745346e-8
4.255411028861999e-8
4.8026809096336365e-8
4.3803286552429194e-8
3.45143049955368e-8
2.651797831058502e-8
2.149572819471359e-8
1.8229226768016814e-8
1.5908025205135346e-8
1.414351463317871e-8
1.260661333799362e-8
1.1322218179702758e-8
1.0558293759822845e-8
1.0163046419620514e-8
9.746789187192917e-9
9.164319187402725e-9
8.693233132362365e-9
8.679048717021941e-9
9.007082134485245e-9
9.379950165748596e-9
9.935237467288971e-9
1.0776720196008681e-8
1.1745760589838028e-8
1.2751998007297515e-8
1.3837762176990509e-8
1.50139644742012e-8
1.6178344190120696e-8
1.735897958278656e-8
1.859014183282852e-8
1.963604688644409e-8
2.1387363970279694e-8
2.4126404523849485e-8
2.613265812397003e-8
2.8041842579841612e-8
3.104695379734039e-8
3.5282963514328e-8
4.004108607769012e-8
4.5061412453651426e-8
4.288668930530548e-8
3.9206132292747493e-8
4.3824848532676695e-8
5.013971924781799e-8
5.2886742353439326e-8
5.708681941032409e-8
5.735542774200439e-8
5.962361693382263e-8
6.52359664440155e-8
6.638678908348083e-8
6.408632397651672e-8
6.227270364761352e-8
6.266937255859375e-8
5.993351340293885e-8
5.288293957710266e-8
4.712781012058258e-8
4.29103821516037e-8
3.921929597854614e-8
3.841543197631836e-8
3.764979541301727e-8
3.3819448947906495e-8
3.036604821681976e-8
2.7236914634704588e-8
2.4665720760822295e-8
2.2822265326976776e-8
2.2965979576110837e-8
2.500162124633789e-8
2.610790431499481e-8
2.741096019744873e-8
2.932129204273224e-8
2.990431487560272e-8
2.9138273000717163e-8
2.7520179748535154e-8
2.605795860290527e-8
2.5150585174560545e-8
2.395511269569397e-8
2.2171708941459655e-8
2.0475070178508758e-8
1.9089719653129577e-8
1.792342811822891e-8
1.6783040761947632e-8
1.6056124866008757e-8
1.6011831164360047e-8
1.6572779417037963e-8
1.6448648273944856e-8
1.55943289399147e-8
1.4931195974349976e-8
1.3920891284942626e-8
1.3503040373325347e-8
1.2992410361766815e-8
7.00226565822959e-10
2.0597169175744057e-9
3.4492187201976774e-9
4.819550737738609e-9
6.257685273885726e-9
8.043215423822403e-9
1.0969425737857819e-8
1.5685731172561644e-8
2.203898727893829e-8
2.8800100088119506e-8
3.205629289150238e-8
3.2150003314018246e-8
3.28658789396286e-8
3.5846462845802305e-8
4.2377373576164244e-8
4.762948155403137e-8
4.3819186091423035e-8
3.478787839412689e-8
2.6669421792030334e-8
2.142251431941986e-8
1.7977647483348847e-8
1.5574580430984496e-8
1.386854499578476e-8
1.2496884912252425e-8
1.1390955001115799e-8
1.0720144957304e-8
1.0295428335666656e-8
9.768316894769668e-9
9.099309146404265e-9
8.629351109266281e-9
8.654685318470001e-9
8.99195745587349e-9
9.330115467309951e-9
9.840919822454452e-9
1.0665978491306304e-8
1.1635632812976837e-8
1.2603582441806793e-8
1.359875202178955e-8
1.473497450351715e-8
1.604357659816742e-8
1.7502455413341523e-8
1.888763755559921e-8
1.980547457933426e-8
2.129710167646408e-8
2.3821963369846343e-8
2.5709736347198486e-8
2.757275104522705e-8
3.062760531902313e-8
3.4995469450950624e-8
3.978177309036255e-8
4.4608849287033076e-8
4.245917201042175e-8
3.8613319396972654e-8
4.278258681297302e-8
4.895718395709991e-8
5.213978886604309e-8
5.69851815700531e-8
5.751640796661377e-8
5.956381559371948e-8
6.477894186973572e-8
6.58510386943817e-8
6.340577006340026e-8
6.118912696838378e-8
6.182217001914978e-8
6.027727127075195e-8
5.394440293312072e-8
4.8491278290748595e-8
4.4473943114280696e-8
4.080589115619659e-8
4.0068057179450984e-8
3.922887444496155e-8
3.502741754055023e-8
3.1263673305511476e-8
2.7947214245796204e-8
2.5266772508621216e-8
2.3250164091587064e-8
2.3121871054172514e-8
2.4895915389060973e-8
2.5904023647308348e-8
2.725566327571869e-8
2.9207494854927063e-8
2.972584068775177e-8
2.8866416215896604e-8
2.7229103446006775e-8
2.5788134336471555e-8
2.488892078399658e-8
2.3699644207954407e-8
2.194279581308365e-8
2.029576450586319e-8
1.8980750441551207e-8
1.788851320743561e-8
1.682206839323044e-8
1.6201747953891752e-8
1.628551334142685e-8
1.6916118562221525e-8
1.675428748130798e-8
1.5846885740756987e-8
1.5183332562446594e-8
1.4157076179981232e-8
1.3682927191257476e-8
1.3109172880649566e-8
7.108362391591072e-10
2.0874584093689918e-9
3.4757439047098157e-9
4.816856607794761e-9
6.208960711956024e-9
7.975195348262787e-9
1.0982747375965118e-8
1.5946079790592192e-8
2.2608302533626555e-8
2.9443448781967163e-8
3.2424417138099666e-8
3.226760029792786e-8
3.29041987657547e-8
3.581898212432861e-8
4.2211604118347166e-8
4.739958047866821e-8
4.382720589637756e-8
3.4946599602699276e-8
2.6748916506767272e-8
2.1329669654369354e-8
1.7743438482284545e-8
1.5295082330703734e-8
1.3650648295879363e-8
1.2416319549083709e-8
1.1448339372873305e-8
1.0843466967344284e-8
1.0389137268066407e-8
9.782043844461441e-9
9.058006107807158e-9
8.583606034517289e-9
8.624196797609329e-9
8.960076421499251e-9
9.273027628660202e-9
9.755107015371322e-9
1.0562136024236679e-8
1.1513126641511916e-8
1.2438978999853134e-8
1.3382184505462646e-8
1.4523956179618835e-8
1.5954533219337464e-8
1.7602884769439695e-8
1.9090273976325987e-8
1.9922302663326263e-8
2.122008055448532e-8
2.355382591485977e-8
2.532403767108917e-8
2.715047001838684e-8
3.0237674713134764e-8
3.4671822190284725e-8
3.946105241775512e-8
4.418021738529205e-8
4.1985908150672914e-8
3.800694942474365e-8
4.188533127307892e-8
4.794098436832428e-8
5.1421713829040525e-8
5.6727117300033565e-8
5.7500296831130976e-8
5.945603251457214e-8
6.439716815948486e-8
6.532477736473083e-8
6.271986961364745e-8
6.031915545463562e-8
6.117628216743469e-8
6.046100854873657e-8
5.47991931438446e-8
4.976608157157898e-8
4.599550366401672e-8
4.2403942346572876e-8
4.173334538936615e-8
4.08139169216156e-8
3.6281070113182066e-8
3.221617043018341e-8
2.8689974546432494e-8
2.5839853286743163e-8
2.360776364803314e-8
2.3242606222629546e-8
2.4824319779872893e-8
2.5750645995140075e-8
2.7106791734695433e-8
2.9057443141937254e-8
2.9526782035827634e-8
2.861022651195526e-8
2.695433795452118e-8
2.55206435918808e-8
2.4628709256649016e-8
2.3452326655387877e-8
2.1727386116981504e-8
2.0131447911262513e-8
1.8881449103355407e-8
1.7861947417259214e-8
1.6881202161312103e-8
1.6364556550979615e-8
1.6548646986484525e-8
1.7234371602535246e-8
1.7058657109737397e-8
1.611787974834442e-8
1.5437173843383787e-8
1.4374031126499176e-8
1.38579323887825e-8
1.3246099650859832e-8
7.23188929259777e-10
2.1136209368705748e-9
3.489849716424942e-9
4.803601652383804e-9
6.1760205775499345e-9
7.955760508775711e-9
1.1037778854370117e-8
1.6202275454998015e-8
2.3166252672672272e-8
3.005003035068512e-8
3.2901322841644284e-8
3.242436051368713e-8
3.282321989536285e-8
3.567819595336914e-8
4.1947734355926514e-8
4.7118279337882996e-8
4.3831047415733335e-8
3.5124385356903074e-8
2.6847678422927855e-8
2.127324044704437e-8
1.7554573714733124e-8
1.5080152451992033e-8
1.3486765325069427e-8
1.235724538564682e-8
1.1516125500202178e-8
1.0952313244342803e-8
1.0440129786729812e-8
9.752611815929412e-9
8.999758958816527e-9
8.54068174958229e-9
8.591634035110473e-9
8.918240666389464e-9
9.21604335308075e-9
9.676643460988998e-9
1.0453608632087707e-8
1.1371798813343048e-8
1.2267559766769408e-8
1.3195165991783142e-8
1.4370186626911162e-8
1.5880300104618072e-8
1.7635807394981384e-8
1.9235196709632874e-8
2.001875042915344e-8
2.114807665348053e-8
2.332588732242584e-8
2.4988001585006712e-8
2.677263021469116e-8
2.9852747917175294e-8
3.427107930183411e-8
3.903557956218719e-8
4.366348087787628e-8
4.1550385951995846e-8
3.747044801712036e-8
4.1016003489494324e-8
4.683816730976104e-8
5.0475305318832395e-8
5.609294176101684e-8
5.7100546360015867e-8
5.9094649553298946e-8
6.396936178207397e-8
6.492838859558105e-8
6.22984766960144e-8
5.978659987449646e-8
6.059519052505493e-8
6.035524010658264e-8
5.552902817726135e-8
5.105260610580444e-8
4.7552445530891413e-8
4.401660561561584e-8
4.3304783105850217e-8
4.2394608259201046e-8
3.7769848108291625e-8
3.3390352129936214e-8
2.9539570212364197e-8
2.6468527317047117e-8
2.4007701873779296e-8
2.3404407501220702e-8
2.4807426333427428e-8
2.566368579864502e-8
2.698446810245514e-8
2.8888365626335142e-8
2.933126389980316e-8
2.838923633098602e-8
2.6730498671531676e-8
2.530304491519928e-8
2.439906299114227e-8
2.3223230242729185e-8
2.1535027027130127e-8
1.9996194541454315e-8
1.8794384598731995e-8
1.7840661108493805e-8
1.6958683729171752e-8
1.6548112034797668e-8
1.681855022907257e-8
1.756516546010971e-8
1.7392028868198395e-8
1.642207056283951e-8
1.5705645084381102e-8
1.460340917110443e-8
1.406165361404419e-8
1.340317577123642e-8
7.490784861147404e-10
2.1610805764794348e-9
3.481696546077728e-9
4.7609623521566385e-9
6.188703328371047e-9
8.04491639137268e-9
1.1104106158018111e-8
1.6440649330615996e-8
2.4136146903038023e-8
3.096024990081787e-8
3.4038370847702026e-8
3.248847723007202e-8
3.1932827830314634e-8
3.483475148677826e-8
4.08545047044754e-8
4.5981785655021664e-8
4.3813389539718626e-8
3.586547076702118e-8
2.7440455555915832e-8
2.157435119152069e-8
1.7556239664554597e-8
1.5040256083011628e-8
1.3427604734897613e-8
1.2335232645273209e-8
1.1721935868263244e-8
1.1138371378183364e-8
1.0346610844135284e-8
9.451166540384292e-9
8.749418705701828e-9
8.456435054540635e-9
8.567016571760177e-9
8.871232718229294e-9
9.181266278028488e-9
9.623733162879944e-9
1.030983105301857e-8
1.1154387146234512e-8
1.2065699696540832e-8
1.3062047958374023e-8
1.4325866103172301e-8
1.5755331516265867e-8
1.7411328852176666e-8
1.9366908073425294e-8
2.0226715505123137e-8
2.1112532913684843e-8
2.3205743730068206e-8
2.4768994748592376e-8
2.6472428441047668e-8
2.9390221834182738e-8
3.3482491970062255e-8
3.8113850355148313e-8
4.26190584897995e-8
4.145924150943756e-8
3.7300798296928405e-8
3.973895609378815e-8
4.4468471407890317e-8
4.7828358411788937e-8
5.3511679172515865e-8
5.4823440313339234e-8
5.728873610496521e-8
6.290862560272216e-8
6.517363786697387e-8
6.340803503990173e-8
6.069220304489135e-8
5.973477959632874e-8
5.878846645355224e-8
5.612523555755615e-8
5.289453268051147e-8
4.957630932331085e-8
4.580860733985901e-8
4.422433376312256e-8
4.375366568565369e-8
4.062820971012115e-8
3.5893312096595766e-8
3.1127569079399106e-8
2.7725318074226378e-8
2.502211332321167e-8
2.399182617664337e-8
2.5054210424423217e-8
2.5866925716400146e-8
2.7033600211143493e-8
2.8722205758094785e-8
2.92339950799942e-8
2.8369393944740296e-8
2.679321765899658e-8
2.539536654949188e-8
2.4356070160865783e-8
2.3075993359088896e-8
2.142985165119171e-8
1.9981159269809722e-8
1.87302827835083e-8
1.7786788940429686e-8
1.7070467770099638e-8
1.682819128036499e-8
1.7192745208740234e-8
1.806458979845047e-8
1.7926852405071257e-8
1.6910457611083983e-8
1.6095076501369476e-8
1.4969339966773987e-8
1.4466108381748199e-8
1.3622055947780608e-8
7.719095330685377e-10
2.1844346076250074e-9
3.4790188074111936e-9
4.7489952296018595e-9
6.2086950987577434e-9
8.103338629007338e-9
1.1229806393384932e-8
1.6822147369384766e-8
2.489618808031082e-8
3.195349872112274e-8
3.479966819286346e-8
3.2491028308868406e-8
3.133608400821686e-8
3.402040302753448e-8
3.9877235889434814e-8
4.515467882156372e-8
4.374951124191284e-8
3.635333776473999e-8
2.793753445148468e-8
2.1828962862491607e-8
1.7618794739246368e-8
1.5008775889873505e-8
1.339367628097534e-8
1.2396226078271866e-8
1.185976192355156e-8
1.1206968128681183e-8
1.0231323540210723e-8
9.230085462331771e-9
8.56446400284767e-9
8.356941491365432e-9
8.517508208751678e-9
8.834030479192733e-9
9.135844558477401e-9
9.5436230301857e-9
1.0170034319162369e-8
1.0970315337181091e-8
1.1887527257204056e-8
1.2936769425868988e-8
1.4229469001293181e-8
1.5631110966205597e-8
1.7323820292949676e-8
1.9411581754684446e-8
2.0328663289546965e-8
2.1117129921913146e-8
2.3086996376514432e-8
2.4557195603847504e-8
2.6156887412071226e-8
2.890692353248596e-8
3.277787268161773e-8
3.7263479828834535e-8
4.1788139939308165e-8
4.1067025065422057e-8
3.685815632343292e-8
3.860071897506714e-8
4.248589277267456e-8
4.5475906133651733e-8
5.102257132530212e-8
5.2602785825729366e-8
5.5486488342285155e-8
6.173958778381347e-8
6.504839658737183e-8
6.403706669807434e-8
6.129406094551086e-8
5.9366828203201295e-8
5.790005326271057e-8
5.629644989967346e-8
5.417351126670837e-8
5.137960910797119e-8
4.753505289554596e-8
4.560047686100006e-8
4.539211094379425e-8
4.301887452602386e-8
3.8320335745811464e-8
3.29557865858078e-8
2.9073202610015867e-8
2.5990799069404602e-8
2.458980232477188e-8
2.5388723611831665e-8
2.6039913296699524e-8
2.706051468849182e-8
2.8638452291488647e-8
2.9152965545654295e-8
2.8356480598449705e-8
2.683841288089752e-8
2.542939782142639e-8
2.4311497807502745e-8
2.297348529100418e-8
2.1347375214099882e-8
1.992642879486084e-8
1.868534982204437e-8
1.7794352769851682e-8
1.7202752828598022e-8
1.709975004196167e-8
1.7590504884719848e-8
1.8564869463443756e-8
1.8457581102848052e-8
1.7382174730300904e-8
1.6515879333019257e-8
1.5366119146347046e-8
1.4793959259986877e-8
1.3903471827507018e-8
7.896164432168006e-10
2.2000739350914954e-9
3.481363132596016e-9
4.751308262348175e-9
6.231651455163955e-9
8.170471340417862e-9
1.1404555290937423e-8
1.7223696410655974e-8
2.5619924068450926e-8
3.283165395259857e-8
3.538970947265625e-8
3.247932493686676e-8
3.086134791374206e-8
3.329600095748901e-8
3.903797566890716e-8
4.4500014185905454e-8
4.3658643960952754e-8
3.669468462467193e-8
2.8326588869094847e-8
2.206471413373947e-8
1.7694050073623656e-8
1.5004697442054746e-8
1.3401408493518828e-8
1.2463545799255371e-8
1.1947207897901535e-8
1.1212169378995895e-8
1.0115325450897217e-8
9.055736660957335e-9
8.412731438875199e-9
8.258941024541854e-9
8.459875732660293e-9
8.789627254009246e-9
9.079410135746001e-9
9.4529889523983e-9
1.003563478589058e-8
1.0806567966938018e-8
1.1729172617197036e-8
1.280675083398819e-8
1.4117075502872467e-8
1.5529225766658784e-8
1.726541966199875e-8
1.942995637655258e-8
2.037822753190994e-8
2.1109797060489653e-8
2.297724038362503e-8
2.4345839023590086e-8
2.583368122577667e-8
2.8430783748626706e-8
3.212640881538391e-8
3.64922821521759e-8
4.102873206138611e-8
4.052039682865143e-8
3.6269155144691464e-8
3.753291368484497e-8
4.076827764511108e-8
4.338050484657287e-8
4.868004918098449e-8
5.046051740646362e-8
5.3688400983810424e-8
6.046544313430786e-8
6.462519764900207e-8
6.42930507659912e-8
6.166647672653199e-8
5.923644304275513e-8
5.742539167404174e-8
5.635736584663391e-8
5.508210062980652e-8
5.2907681465148924e-8
4.919466376304626e-8
4.719011783599853e-8
4.720715284347534e-8
4.5285105705261226e-8
4.065994918346405e-8
3.487807512283325e-8
3.050458431243896e-8
2.6973545551300047e-8
2.520958185195923e-8
2.575361430644989e-8
2.6215511560440062e-8
2.7096998691558836e-8
2.8590741753578185e-8
2.90978342294693e-8
2.834516167640686e-8
2.6861113309860227e-8
2.5436294078826902e-8
2.4267089366912842e-8
2.2894385457038878e-8
2.1271610260009765e-8
1.986987441778183e-8
1.8659688532352448e-8
1.7836521565914153e-8
1.735532283782959e-8
1.7382113635540006e-8
1.799558699131012e-8
1.906954199075699e-8
1.898105889558792e-8
1.786130219697952e-8
1.6956853866577148e-8
1.5743768215179443e-8
1.5131992101669312e-8
1.4202983677387237e-8
8.030394092202186e-10
2.2128131240606306e-9
3.4879393875598906e-9
4.761024564504624e-9
6.262987852096557e-9
8.255809545516967e-9
1.1604781448841094e-8
1.7635463178157807e-8
2.6300922036170957e-8
3.3601146936416626e-8
3.587218523025513e-8
3.246176540851593e-8
3.04597795009613e-8
3.2668092846870424e-8
3.832439184188843e-8
4.395596981048584e-8
4.3551522493362425e-8
3.693529069423675e-8
2.86347359418869e-8
2.227245569229126e-8
1.77791491150856e-8
1.5028440952301026e-8
1.3431636989116668e-8
1.2522646784782409e-8
1.199367344379425e-8
1.1184307932853698e-8
1.0003793239593505e-8
8.909444510936737e-9
8.28297734260559e-9
8.166413754224778e-9
8.397319167852401e-9
8.736584335565567e-9
9.013564884662628e-9
9.357824921607972e-9
9.907127916812896e-9
1.0657733678817749e-8
1.1582287400960922e-8
1.2676399946212768e-8
1.400415450334549e-8
1.543913185596466e-8
1.721654087305069e-8
1.943138837814331e-8
2.0396921038627623e-8
2.1085844933986664e-8
2.2866755723953247e-8
2.4134784936904905e-8
2.551043927669525e-8
2.7969422936439514e-8
3.1518059968948365e-8
3.57803076505661e-8
4.029475450515747e-8
3.9887017011642455e-8
3.560188114643097e-8
3.65114152431488e-8
3.923884034156799e-8
4.1500410437583923e-8
4.650328755378723e-8
4.8413166403770446e-8
5.190635323524475e-8
5.9100657701492306e-8
6.396136283874512e-8
6.425045728683471e-8
6.184555292129516e-8
5.920136570930481e-8
5.719345211982727e-8
5.641873478889465e-8
5.576943755149841e-8
5.419524908065796e-8
5.075539350509643e-8
4.8866403102874754e-8
4.9137622117996214e-8
4.75364476442337e-8
4.296059906482696e-8
3.6838328838348385e-8
3.199748992919922e-8
2.7991577982902525e-8
2.5853216648101806e-8
2.6138570904731748e-8
2.6403450965881347e-8
2.7149760723114013e-8
2.8568547964096067e-8
2.9062139987945554e-8
2.833380103111267e-8
2.686730921268463e-8
2.542770206928253e-8
2.422371208667755e-8
2.2826485335826873e-8
2.1203789114952087e-8
1.9821664690971374e-8
1.8653203547000884e-8
1.790364980697632e-8
1.7528071999549865e-8
1.7676538228988646e-8
1.840781569480896e-8
1.9575384259223936e-8
1.9506376981735227e-8
1.8349933624267578e-8
1.739732027053833e-8
1.6125133633613586e-8
1.5475019812583923e-8
1.4518064260482787e-8
8.131951093673706e-10
2.233959548175335e-9
3.5103101283311842e-9
4.774313420057297e-9
6.283619254827499e-9
8.416217565536498e-9
1.2056941539049148e-8
1.8324384093284605e-8
2.6995301246643065e-8
3.424956500530243e-8
3.5428005456924435e-8
3.1833648681640625e-8
3.0815669894218446e-8
3.284943997859955e-8
3.755390346050262e-8
4.404416084289551e-8
4.3630746006965635e-8
3.643832802772522e-8
2.860991060733795e-8
2.2441598773002623e-8
1.7987950146198273e-8
1.5052695572376252e-8
1.3423667848110199e-8
1.2553755939006805e-8
1.1786922812461853e-8
1.0858970880508422e-8
9.788957238197327e-9
8.796994388103484e-9
8.212477713823317e-9
8.168221265077591e-9
8.399891108274459e-9
8.692240715026856e-9
8.96640196442604e-9
9.273021668195724e-9
9.771448373794555e-9
1.0494118183851242e-8
1.141749918460846e-8
1.2548954784870148e-8
1.401950418949127e-8
1.5359626710414887e-8
1.6936951875686645e-8
1.9176959991455076e-8
2.0317453145980833e-8
2.099063694477081e-8
2.2741778194904327e-8
2.413680255413055e-8
2.540692389011383e-8
2.7670854330062865e-8
3.105252981185913e-8
3.488651812076568e-8
3.8414233922958374e-8
3.8805660605430604e-8
3.465437293052673e-8
3.4777572751045226e-8
3.674066960811615e-8
3.937304615974426e-8
4.5000356435775754e-8
4.6790158748626706e-8
5.0512921810150143e-8
5.76428472995758e-8
6.25335395336151e-8
6.349346041679382e-8
6.178882122039794e-8
5.981602668762207e-8
5.799396634101867e-8
5.6993007659912105e-8
5.6692463159561156e-8
5.5511087179183955e-8
5.1973867416381836e-8
4.999054670333862e-8
5.0056147575378416e-8
4.871534705162048e-8
4.512607157230377e-8
3.9489433169364926e-8
3.416610658168792e-8
2.9728370904922483e-8
2.7051267027854918e-8
2.6628580689430237e-8
2.6841452717781067e-8
2.743902504444122e-8
2.8530862927436827e-8
2.9064920544624328e-8
2.8406852483749387e-8
2.7061983942985533e-8
2.571796476840973e-8
2.4431751668453216e-8
2.2916167974472044e-8
2.1215240657329558e-8
1.979808509349823e-8
1.8706586956977844e-8
1.8018779158592222e-8
1.768755167722702e-8
1.8009337782859803e-8
1.8898887932300567e-8
2.0187166333198546e-8
2.0146915316581725e-8
1.8808697164058684e-8
1.7755356431007385e-8
1.6490532457828523e-8
1.5811647474765778e-8
1.4833953976631164e-8
8.224204182624816e-10
2.2581754252314567e-9
3.536558151245117e-9
4.791971296072006e-9
6.335976719856262e-9
8.654497563838958e-9
1.261925995349884e-8
1.9090272486209867e-8
2.7693018317222595e-8
3.459235429763794e-8
3.470939695835113e-8
3.1227755546569825e-8
3.130572736263275e-8
3.3198040723800655e-8
3.713934123516082e-8
4.430090188980102e-8
4.3624886870384215e-8
3.5833895206451415e-8
2.839348316192627e-8
2.257101535797119e-8
1.8178650736808776e-8
1.509384363889694e-8
1.3406828045845032e-8
1.2464798241853714e-8
1.1458747833967208e-8
1.0450974851846694e-8
9.524335712194443e-9
8.685071766376496e-9
8.1849105656147e-9
8.203986287117004e-9
8.425446599721908e-9
8.669646829366684e-9
8.922624588012695e-9
9.190018475055694e-9
9.637180715799332e-9
1.0328906774520873e-8
1.1254435777664184e-8
1.2452396750450133e-8
1.4033952355384826e-8
1.5249884128570556e-8
1.660080701112747e-8
1.882120370864868e-8
2.0132414996623993e-8
2.0856134593486785e-8
2.2647491097450256e-8
2.41967111825943e-8
2.5404712557792662e-8
2.7469363808631897e-8
3.059432804584503e-8
3.3821037411689754e-8
3.63466203212738e-8
3.7321418523788454e-8
3.340759575366974e-8
3.287700712680817e-8
3.409229815006256e-8
3.706134259700775e-8
4.34874415397644e-8
4.5366546511650086e-8
4.92956280708313e-8
5.615827441215515e-8
6.082192659378051e-8
6.232309937477111e-8
6.14397644996643e-8
6.049423217773437e-8
5.9178197383880615e-8
5.796009302139282e-8
5.7806813716888425e-8
5.680873990058899e-8
5.302128791809082e-8
5.079778432846069e-8
5.05085289478302e-8
4.937003254890442e-8
4.696875214576721e-8
4.228962659835815e-8
3.6820501089096066e-8
3.194975554943085e-8
2.8610023856163023e-8
2.7400729060173033e-8
2.7427640557289122e-8
2.7823412418365477e-8
2.858213484287262e-8
2.9110065102577207e-8
2.8550940752029417e-8
2.736901044845581e-8
2.6139840483665464e-8
2.4772655963897705e-8
2.31036439538002e-8
2.128268927335739e-8
1.9822216033935544e-8
1.878998428583145e-8
1.815327852964401e-8
1.7881396412849424e-8
1.837407201528549e-8
1.9442394375801086e-8
2.0866033434867857e-8
2.0801877975463865e-8
1.9257694482803345e-8
1.8104735016822813e-8
1.6837325692176817e-8
1.6147004067897797e-8
1.5152508020401e-8
8.315900340676307e-10
2.278820052742958e-9
3.559209406375885e-9
4.825196787714958e-9
6.4387075603008264e-9
8.92791897058487e-9
1.3122473657131195e-8
1.9749732315540312e-8
2.829596698284149e-8
3.473995327949524e-8
3.431846499443054e-8
3.098281323909759e-8
3.147523403167724e-8
3.332917094230652e-8
3.706604242324829e-8
4.435756206512451e-8
4.348251521587372e-8
3.5507011413574214e-8
2.822960615158081e-8
2.2640144824981688e-8
1.8287791311740875e-8
1.514185070991516e-8
1.3370072841644287e-8
1.229286640882492e-8
1.1162468791007996e-8
1.0132171213626862e-8
9.290476143360138e-9
8.568526804447173e-9
8.15821960568428e-9
8.216777443885803e-9
8.434677869081496e-9
8.652232587337493e-9
8.870885521173477e-9
9.101789444684982e-9
9.511274099349975e-9
1.0179403424263e-8
1.1116441339254379e-8
1.2367969006299972e-8
1.397133469581604e-8
1.511143296957016e-8
1.634346842765808e-8
1.8525423109531403e-8
1.9910785555839537e-8
2.0716932415962218e-8
2.257615774869919e-8
2.4185605347156525e-8
2.535562813282013e-8
2.7248978614807126e-8
3.0063700675964354e-8
3.27639102935791e-8
3.4753811359405513e-8
3.5768261551856994e-8
3.2046321034431454e-8
3.120131492614746e-8
3.19695383310318e-8
3.488689363002777e-8
4.1624990105628966e-8
4.3867152929306026e-8
4.796188473701477e-8
5.4697823524475096e-8
5.9263104200363155e-8
6.111262440681457e-8
6.087607741355896e-8
6.076805591583252e-8
6.004689931869506e-8
5.896068215370178e-8
5.892743468284607e-8
5.80272376537323e-8
5.408727526664733e-8
5.1662915945053096e-8
5.11801540851593e-8
5.021640658378601e-8
4.862022399902344e-8
4.474785327911377e-8
3.945735692977905e-8
3.420698642730713e-8
3.0220210552215576e-8
2.8400570154190062e-8
2.8048622608184814e-8
2.8188923001289367e-8
2.8738164901733397e-8
2.920542061328888e-8
2.872449457645416e-8
2.7665504813194274e-8
2.650199830532074e-8
2.5083476305007935e-8
2.329363375902176e-8
2.1371830999851227e-8
1.988316774368286e-8
1.8879884481430052e-8
1.8299885094165802e-8
1.8124313652515412e-8
1.876331716775894e-8
1.999426633119583e-8
2.152753621339798e-8
2.1408332884311673e-8
1.9723865389823913e-8
1.8492227792739866e-8
1.718769520521164e-8
1.648634672164917e-8
1.547921895980835e-8
8.402427658438683e-10
2.297099307179451e-9
3.585294261574745e-9
4.879381135106086e-9
6.573959439992905e-9
9.210599213838576e-9
1.3582850992679596e-8
2.0324905216693876e-8
2.8786224126815793e-8
3.486453294754028e-8
3.412941992282867e-8
3.0859887599945066e-8
3.1527966260910035e-8
3.339390158653259e-8
3.706414103507995e-8
4.433344304561615e-8
4.332243204116821e-8
3.5287946462631225e-8
2.8120940923690794e-8
2.2668105363845823e-8
1.835772544145584e-8
1.5164075791835784e-8
1.3295088708400725e-8
1.2102115899324417e-8
1.0893074423074722e-8
9.862207621335983e-9
9.086930006742476e-9
8.458688855171203e-9
8.122361451387405e-9
8.21603536605835e-9
8.433913439512252e-9
8.629154413938521e-9
8.81587490439415e-9
9.01259034872055e-9
9.392155706882476e-9
1.0045454651117324e-8
1.0995079576969147e-8
1.2273478507995604e-8
1.3875731825828551e-8
1.4962361752986907e-8
1.6122519969940184e-8
1.826668083667755e-8
1.9691571593284605e-8
2.0571917295455932e-8
2.2494556009769438e-8
2.4137669801712034e-8
2.5262722373008726e-8
2.6992836594581603e-8
2.9503050446510314e-8
3.177736401557922e-8
3.3389973640441894e-8
3.4275433421134944e-8
3.0677521228790284e-8
2.9670983552932738e-8
3.016287684440613e-8
3.291814923286438e-8
3.9658078551292415e-8
4.224514663219452e-8
4.651974439620971e-8
5.3224724531173706e-8
5.777827501296997e-8
5.988255739212035e-8
6.016107201576233e-8
6.074471473693848e-8
6.062957644462585e-8
5.9859961271286e-8
6.001608967781067e-8
5.920556187629699e-8
5.515768527984619e-8
5.258466601371765e-8
5.199765563011169e-8
5.119040012359619e-8
5.0195074081420894e-8
4.700127243995666e-8
4.1986888647079466e-8
3.647661507129669e-8
3.19144606590271e-8
2.9523032903671264e-8
2.8743904829025267e-8
2.8590255975723267e-8
2.895246148109436e-8
2.9355329275131223e-8
2.8921371698379516e-8
2.794899046421051e-8
2.682860195636749e-8
2.5368711352348326e-8
2.348404824733734e-8
2.1481589972972868e-8
1.9966106116771696e-8
1.8986546993255614e-8
1.847037225961685e-8
1.839734613895416e-8
1.9176088273525237e-8
2.0548872649669645e-8
2.2166952490806578e-8
2.2001108527183533e-8
2.020229995250702e-8
1.8897286057472227e-8
1.7549282312393187e-8
1.683136224746704e-8
1.5812928974628446e-8
8.486537262797355e-10
2.3175518959760665e-9
3.618298470973968e-9
4.9521457403898235e-9
6.726375222206116e-9
9.498277306556701e-9
1.4035476744174956e-8
2.0861950516700744e-8
2.9190745949745176e-8
3.4896585345268246e-8
3.390738666057587e-8
3.070349395275116e-8
3.1574830412864685e-8
3.349569141864776e-8
3.711124062538147e-8
4.435581266880035e-8
4.3118172883987424e-8
3.511554002761841e-8
2.810656428337097e-8
2.2689725458621978e-8
1.835823655128479e-8
1.517626792192459e-8
1.3225127756595612e-8
1.189538910984993e-8
1.063430979847908e-8
9.614008665084839e-9
8.886399120092392e-9
8.349750190973281e-9
8.100389689207076e-9
8.213110268115997e-9
8.419079333543777e-9
8.600720018148423e-9
8.758646249771117e-9
8.925680071115494e-9
9.290696680545807e-9
9.94584858417511e-9
1.0901665687561035e-8
1.2176163494586943e-8
1.3758142292499542e-8
1.479586213827133e-8
1.590205579996109e-8
1.8024659156799316e-8
1.947459578514099e-8
2.0411068201065063e-8
2.2387242317199705e-8
2.409781515598297e-8
2.5186851620674134e-8
2.6740267872810362e-8
2.8978139162063596e-8
3.084878027439117e-8
3.211369216442108e-8
3.285732269287109e-8
2.9463523626327513e-8
2.8381407260894775e-8
2.871895134449005e-8
3.1268036365509034e-8
3.7694713473320005e-8
4.0504732728004455e-8
4.490552544593811e-8
5.160086154937744e-8
5.62528133392334e-8
5.865975618362427e-8
5.9446436166763306e-8
6.055629253387451e-8
6.089919805526734e-8
6.045971512794495e-8
6.077976822853088e-8
6.008736491203308e-8
5.624850988388061e-8
5.370652079582214e-8
5.299335122108459e-8
5.225389003753662e-8
5.1599800586700436e-8
4.894830286502838e-8
4.42482590675354e-8
3.873294591903686e-8
3.3803719282150264e-8
3.079453706741333e-8
2.9545205831527708e-8
2.909993529319763e-8
2.9255634546279907e-8
2.9560732841491697e-8
2.9140788316726684e-8
2.8244483470916748e-8
2.7175551652908325e-8
2.5685897469520566e-8
2.3705796897411345e-8
2.162114381790161e-8
2.00813889503479e-8
1.912294030189514e-8
1.8667224049568176e-8
1.869448870420456e-8
1.96073904633522e-8
2.110396325588226e-8
2.278815060853958e-8
2.257222682237625e-8
2.0690388977527617e-8
1.9360966980457305e-8
1.794639229774475e-8
1.715826690196991e-8
1.614177972078323e-8
8.596050553023814e-10
2.3524008691310883e-9
3.654739260673523e-9
5.037545040249824e-9
6.8752326071262355e-9
9.82365533709526e-9
1.4662525057792664e-8
2.1575012803077698e-8
2.944038212299347e-8
3.418976366519928e-8
3.276984393596649e-8
2.996191084384918e-8
3.1810447573661804e-8
3.403211832046508e-8
3.747467398643494e-8
4.490520656108856e-8
4.26053911447525e-8
3.490526378154755e-8
2.8531980514526366e-8
2.2769223153591156e-8
1.812099367380142e-8
1.5306566655635834e-8
1.3336130976676941e-8
1.1619179695844649e-8
1.0305561870336531e-8
9.30282473564148e-9
8.564747124910354e-9
8.204928785562515e-9
8.201640844345092e-9
8.257250487804413e-9
8.369797468185424e-9
8.57100412249565e-9
8.706067502498627e-9
8.852294832468032e-9
9.268674999475479e-9
1.0003113001585007e-8
1.0950002819299697e-8
1.211136132478714e-8
1.3603080809116363e-8
1.4532876014709472e-8
1.556532084941864e-8
1.7734742164611814e-8
1.9208757579326628e-8
2.0166684687137604e-8
2.2203531861305235e-8
2.4286569654941557e-8
2.5448301434516904e-8
2.6711907982826233e-8
2.8722563385963438e-8
2.989647388458252e-8
3.0613183975219724e-8
3.1433701515197754e-8
2.8990927338600158e-8
2.8047329187393187e-8
2.8405210375785826e-8
3.05769145488739e-8
3.573015034198761e-8
3.849227130413055e-8
4.2746856808662414e-8
4.923275113105774e-8
5.429945588111877e-8
5.75845181941986e-8
5.9399074316024775e-8
6.060976386070251e-8
6.055108904838562e-8
5.990723371505737e-8
5.976425409317017e-8
5.9156489372253415e-8
5.7364368438720703e-8
5.5890309810638425e-8
5.4580509662628174e-8
5.337298512458801e-8
5.199943780899048e-8
4.9557083845138546e-8
4.522847533226013e-8
4.086937308311462e-8
3.666805624961853e-8
3.258746862411499e-8
3.0684337019920346e-8
3.007118701934814e-8
2.9879307746887204e-8
2.988985478878021e-8
2.94010192155838e-8
2.8679758310317993e-8
2.7817970514297483e-8
2.6344329118728638e-8
2.4150647222995756e-8
2.18825563788414e-8
2.0306022465229035e-8
1.934289038181305e-8
1.8902568519115446e-8
1.9004635512828825e-8
2.005964070558548e-8
2.1665087342262268e-8
2.3358383774757386e-8
2.3030082881450653e-8
2.1204426884651182e-8
2.014433592557907e-8
1.8514126539230346e-8
1.732887476682663e-8
1.6389012336730956e-8
8.71468335390091e-10
2.381141297519207e-9
3.708183020353317e-9
5.129667744040489e-9
7.058875262737274e-9
1.017606034874916e-8
1.5199480950832365e-8
2.2096996009349822e-8
2.9534125328063962e-8
3.361131846904754e-8
3.1930613517761226e-8
2.9469719529151916e-8
3.1866735219955446e-8
3.439623415470123e-8
3.78572940826416e-8
4.5169749855995174e-8
4.2439877986907957e-8
3.484960496425628e-8
2.867995202541351e-8
2.2810006141662597e-8
1.810571402311325e-8
1.533476710319519e-8
1.3288849592208861e-8
1.1418780684471129e-8
1.000743955373764e-8
8.997027575969695e-9
8.324169367551804e-9
8.101129531860351e-9
8.208092302083968e-9
8.282657712697982e-9
8.355007320642471e-9
8.528664708137512e-9
8.654367923736572e-9
8.804316818714141e-9
9.256883710622787e-9
1.003040075302124e-8
1.096249371767044e-8
1.205308362841606e-8
1.344492882490158e-8
1.4289738237857818e-8
1.5279509127140043e-8
1.7439356446266173e-8
1.8942825496196745e-8
1.9943422079086302e-8
2.209474444389343e-8
2.436845153570175e-8
2.558949589729309e-8
2.668684720993042e-8
2.8361535072326658e-8
2.9053831100463867e-8
2.939714193344116e-8
3.023202121257782e-8
2.8273534774780272e-8
2.7629250288009644e-8
2.7987194061279297e-8
2.9834321141242976e-8
3.421876430511474e-8
3.664925694465637e-8
4.07032161951065e-8
4.7024741768836976e-8
5.235792994499206e-8
5.629385113716125e-8
5.89180052280426e-8
6.044958233833313e-8
6.0261332988739e-8
5.941240191459655e-8
5.899392962455749e-8
5.8496296405792235e-8
5.789015293121338e-8
5.743486881256103e-8
5.618202686309814e-8
5.462301969528198e-8
5.273473262786865e-8
5.026550889015198e-8
4.629804790019989e-8
4.2717698216438294e-8
3.9061224460601806e-8
3.459523618221283e-8
3.206600546836853e-8
3.106687366962433e-8
3.056222200393677e-8
3.031977117061615e-8
2.9753506183624267e-8
2.9134169220924376e-8
2.841149568557739e-8
2.6940032839775085e-8
2.460227608680725e-8
2.2188368439674376e-8
2.0545844733715057e-8
1.957460194826126e-8
1.9164903461933136e-8
1.9346378743648528e-8
2.0514062047004698e-8
2.2204945981502533e-8
2.3913487792015074e-8
2.3572385311126707e-8
2.1840175986289977e-8
2.0799070596694946e-8
1.89517006278038e-8
1.7646752297878263e-8
1.6615617275238037e-8
8.830510079860687e-10
2.4139979854226113e-9
3.768019378185272e-9
5.240457504987717e-9
7.264160364866257e-9
1.0519683361053466e-8
1.565510481595993e-8
2.2479508817195893e-8
2.9549136757850644e-8
3.31376850605011e-8
3.130954802036285e-8
2.909986078739166e-8
3.185766041278839e-8
3.465268313884735e-8
3.8162976503372193e-8
4.5362770557403564e-8
4.2419403791427614e-8
3.484620153903961e-8
2.874273657798767e-8
2.285335063934326e-8
1.8118833005428315e-8
1.5318888425827024e-8
1.3194179534912109e-8
1.1218345910310744e-8
9.739872813224792e-9
8.730342984199523e-9
8.126498013734817e-9
8.000792562961579e-9
8.187273889780045e-9
8.286604285240173e-9
8.342070877552033e-9
8.491960167884827e-9
8.607958257198333e-9
8.768527954816818e-9
9.246519953012466e-9
1.003909558057785e-8
1.0955123603343963e-8
1.1985877901315688e-8
1.3293020427227019e-8
1.4067232608795166e-8
1.5017829835414885e-8
1.7157590389251707e-8
1.8682484328746795e-8
1.9744078814983368e-8
2.199698984622955e-8
2.4396382272243498e-8
2.565140128135681e-8
2.6608717441558837e-8
2.7978262305259704e-8
2.829824388027191e-8
2.837255597114563e-8
2.916687726974487e-8
2.7499261498451233e-8
2.709708511829376e-8
2.748970091342926e-8
2.9095715284347534e-8
3.294236958026886e-8
3.50157618522644e-8
3.881253600120544e-8
4.494984149932861e-8
5.044022798538208e-8
5.485806465148926e-8
5.8130323886871334e-8
6.006465554237365e-8
5.993127226829528e-8
5.8964025974273677e-8
5.8382755517959594e-8
5.798948407173157e-8
5.8129966259002685e-8
5.852793455123901e-8
5.760962963104248e-8
5.5921643972396846e-8
5.368843674659729e-8
5.112066864967346e-8
4.740684032440185e-8
4.439890682697296e-8
4.120796620845795e-8
3.659242987632751e-8
3.360195755958557e-8
3.2162290811538694e-8
3.13147634267807e-8
3.0835497379302976e-8
3.01785796880722e-8
2.961037456989288e-8
2.8975245356559752e-8
2.750069499015808e-8
2.505403459072113e-8
2.2517363727092743e-8
2.0806844532489776e-8
1.9824759662151337e-8
1.9451381266117095e-8
1.970735043287277e-8
2.0970597863197327e-8
2.273513674736023e-8
2.4490168690681455e-8
2.4188190698623655e-8
2.2480055689811705e-8
2.1379034221172333e-8
1.9391216337680816e-8
1.796613037586212e-8
1.687420606613159e-8
8.950859308242797e-10
2.4504292756319043e-9
3.83784994482994e-9
5.366479232907295e-9
7.478713989257813e-9
1.0841245949268341e-8
1.603798419237137e-8
2.2764332592487335e-8
2.9524502158164978e-8
3.275302946567535e-8
3.083643913269043e-8
2.880949079990387e-8
3.182258009910583e-8
3.483143150806427e-8
3.83986234664917e-8
4.5533686876297e-8
4.246310591697693e-8
3.486819863319397e-8
2.87844181060791e-8
2.288820147514343e-8
1.8125048279762268e-8
1.52756929397583e-8
1.3073150813579559e-8
1.1019054800271987e-8
9.497535973787308e-9
8.499965071678162e-9
7.954403012990952e-9
7.903923839330673e-9
8.150865882635116e-9
8.276040107011795e-9
8.325427770614623e-9
8.459411561489105e-9
8.568999916315078e-9
8.738895505666733e-9
9.234300255775452e-9
1.0035408288240433e-8
1.0932424664497375e-8
1.191139817237854e-8
1.314673125743866e-8
1.3861019909381867e-8
1.4774996042251587e-8
1.689072698354721e-8
1.843496710062027e-8
1.9557994604110717e-8
2.1896731853485106e-8
2.4384580552577972e-8
2.5652098655700683e-8
2.648266851902008e-8
2.7591991424560545e-8
2.7617126703262328e-8
2.7480819821357726e-8
2.820674180984497e-8
2.67218142747879e-8
2.6491054892539977e-8
2.692737877368927e-8
2.836613059043884e-8
3.181030750274658e-8
3.356655240058899e-8
3.7084221839904785e-8
4.300476014614105e-8
4.856191873550415e-8
5.332788825035095e-8
5.7119905948638914e-8
5.9471744298934936e-8
5.9510976076126095e-8
5.8527076244354245e-8
5.7869780063629146e-8
5.757412314414978e-8
5.82197368144989e-8
5.930904150009155e-8
5.882434248924255e-8
5.719019770622253e-8
5.476827621459961e-8
5.2107512950897215e-8
4.855854213237762e-8
4.59841638803482e-8
4.319748878479004e-8
3.853779137134552e-8
3.5214406251907344e-8
3.336075246334076e-8
3.215282261371613e-8
3.1430613994598386e-8
3.066577315330505e-8
3.010961711406708e-8
2.9524862766265868e-8
2.804051041603088e-8
2.5504249334335327e-8
2.2862048447132108e-8
2.108822613954544e-8
2.009595036506653e-8
1.9758522510528563e-8
2.0082609355449677e-8
2.1430729329586027e-8
2.327122241258621e-8
2.5099700689315796e-8
2.4836911261081694e-8
2.3105721175670622e-8
2.19361737370491e-8
1.9816699624061584e-8
1.8298912048339842e-8
1.715490370988846e-8
9.109796024858952e-10
2.5014299899339673e-9
3.901324793696403e-9
5.500144883990288e-9
7.715776562690734e-9
1.1212505400180815e-8
1.626298725605011e-8
2.240658551454544e-8
2.8808555006980895e-8
3.1903094053268434e-8
3.072231411933899e-8
2.92537122964859e-8
3.1774616241455075e-8
3.511495888233185e-8
3.934043943881988e-8
4.539279341697693e-8
4.274324774742126e-8
3.545500636100769e-8
2.855266034603119e-8
2.2649532556533814e-8
1.8205074965953826e-8
1.5198221802711488e-8
1.2817640602588652e-8
1.0791946947574614e-8
9.237969666719437e-9
8.25924277305603e-9
7.825293391942978e-9
7.857760787010192e-9
8.211052417755126e-9
8.351674675941467e-9
8.31928178668022e-9
8.43495801091194e-9
8.584830909967422e-9
8.775997906923293e-9
9.23241153359413e-9
1.0004503279924392e-8
1.0879841446876525e-8
1.1812031269073486e-8
1.2863987684249877e-8
1.3721540570259093e-8
1.4794088900089263e-8
1.673515737056732e-8
1.827781945466995e-8
1.9369173049926757e-8
2.157761752605438e-8
2.4048401415348052e-8
2.5467115640640256e-8
2.62434184551239e-8
2.7334457635879517e-8
2.7243146300315857e-8
2.680164873600006e-8
2.7355185151100158e-8
2.6153895258903502e-8
2.58361279964447e-8
2.6021957397460935e-8
2.754116654396057e-8
3.078950047492981e-8
3.250297307968139e-8
3.588244020938873e-8
4.1355100274086e-8
4.6775478124618525e-8
5.17874002456665e-8
5.626171827316284e-8
5.901973247528076e-8
5.8569490909576415e-8
5.7653015851974486e-8
5.7769900560379027e-8
5.804432034492492e-8
5.876244902610779e-8
5.9562039375305175e-8
5.9212899208068846e-8
5.793225765228271e-8
5.5351960659027095e-8
5.271586179733276e-8
4.9449995160102844e-8
4.724769294261932e-8
4.490067660808563e-8
4.019474685192108e-8
3.678985834121704e-8
3.469810485839843e-8
3.3094620704650875e-8
3.2204899191856384e-8
3.128442466259003e-8
3.057079017162323e-8
2.9939600825309755e-8
2.8806158900260925e-8
2.630404233932495e-8
2.342051714658737e-8
2.1525877714157103e-8
2.0394352078437805e-8
2.0049449801445006e-8
2.0449130237102507e-8
2.1832118928432464e-8
2.3752883076667784e-8
2.566915452480316e-8
2.5622999668121338e-8
2.400527000427246e-8
2.25586399435997e-8
2.0150379836559296e-8
1.8636278808116913e-8
1.7488722503185272e-8
9.303217753767967e-10
2.5526637211441994e-9
3.9759032428264615e-9
5.64349703490734e-9
7.967553287744522e-9
1.1526300758123398e-8
1.628822237253189e-8
2.1799731254577635e-8
2.780209183692932e-8
3.0974963307380675e-8
3.068191707134247e-8
2.981809377670288e-8
3.1916576623916625e-8
3.5550978779792783e-8
4.0331456065177913e-8
4.541579484939575e-8
4.3150189518928525e-8
3.603450059890747e-8
2.834371030330658e-8
2.2380568087100982e-8
1.819847226142883e-8
1.5075355768203735e-8
1.2547029554843902e-8
1.0530506819486618e-8
8.979963511228562e-9
8.04193913936615e-9
7.713743299245834e-9
7.852484285831452e-9
8.307474106550217e-9
8.45116749405861e-9
8.3388552069664e-9
8.434434980154037e-9
8.625901490449904e-9
8.830095827579498e-9
9.238661080598831e-9
9.963923692703246e-9
1.0806521773338318e-8
1.1661764234304427e-8
1.2604430317878723e-8
1.3618111610412597e-8
1.486087441444397e-8
1.668301373720169e-8
1.815863400697708e-8
1.915246695280075e-8
2.1176737546920777e-8
2.358601540327072e-8
2.514088749885559e-8
2.5962471961975096e-8
2.711856663227081e-8
2.6978775858879087e-8
2.6272353529930115e-8
2.665402293205261e-8
2.5618448853492737e-8
2.516500949859619e-8
2.5081273913383482e-8
2.6635953783988953e-8
2.983486950397491e-8
3.160532414913177e-8
3.4911754727363586e-8
3.9959740638732906e-8
4.5153111219406123e-8
5.030737519264221e-8
5.537855625152588e-8
5.8487266302108765e-8
5.750910639762878e-8
5.6672203540802e-8
5.772764682769775e-8
5.876672863960266e-8
5.94983696937561e-8
5.972751975059509e-8
5.925526022911071e-8
5.8274120092391966e-8
5.563137531280517e-8
5.309261679649353e-8
5.013262629508972e-8
4.828768670558929e-8
4.636029601097107e-8
4.16877269744873e-8
3.830915987491608e-8
3.6093842983245846e-8
3.416478335857391e-8
3.309294879436493e-8
3.1980761885643005e-8
3.105749189853668e-8
3.039973974227905e-8
2.9644632339477538e-8
2.7247765660285947e-8
2.4133482575416563e-8
2.204545885324478e-8
2.073942273855209e-8
2.0352792739868162e-8
2.0796886086463926e-8
2.2214296460151672e-8
2.421542853116989e-8
2.628539800643921e-8
2.651444673538208e-8
2.4961502850055692e-8
2.3189809918403626e-8
2.0507322251796723e-8
1.8973132967948912e-8
1.7846769094467163e-8
9.49912704527378e-10
2.6036616414785386e-9
4.0671877562999726e-9
5.799474939703941e-9
8.193260431289673e-9
1.1714549362659454e-8
1.6208750009536743e-8
2.129942327737808e-8
2.6976260542869566e-8
3.027966916561127e-8
3.054769337177277e-8
3.0070626735687255e-8
3.222269713878631e-8
3.604047000408173e-8
4.0957501530647273e-8
4.575774669647216e-8
4.35433030128479e-8
3.6312535405158996e-8
2.8297790884971618e-8
2.2231779992580414e-8
1.808248460292816e-8
1.4918279647827148e-8
1.2317891418933868e-8
1.0274131596088409e-8
8.746625483036041e-9
7.862164080142974e-9
7.614505290985106e-9
7.85045549273491e-9
8.373556286096573e-9
8.521030843257904e-9
8.37465077638626e-9
8.455452322959899e-9
8.659258484840393e-9
8.86222869157791e-9
9.241856634616852e-9
9.925989806652068e-9
1.071864366531372e-8
1.1505906283855438e-8
1.2432937324047088e-8
1.3519462943077087e-8
1.4835059642791748e-8
1.664096266031265e-8
1.8030819296836853e-8
1.892280578613281e-8
2.0828904211521147e-8
2.3186223208904267e-8
2.478978931903839e-8
2.5679808855056762e-8
2.685926556587219e-8
2.665911018848419e-8
2.580362856388092e-8
2.6057326793670653e-8
2.5023430585861204e-8
2.4504454433917997e-8
2.4287974834442137e-8
2.5758463144302366e-8
2.8905707597732543e-8
3.0691218376159666e-8
3.391190767288208e-8
3.869352042675018e-8
4.368637204170227e-8
4.889089167118072e-8
5.4307907819747924e-8
5.770608782768249e-8
5.660357475280762e-8
5.58665931224823e-8
5.7491797208786006e-8
5.913901329040527e-8
6.006745100021362e-8
6.004721522331237e-8
5.9429985284805295e-8
5.854609012603759e-8
5.59242308139801e-8
5.349419713020325e-8
5.077482461929321e-8
4.9264898896217343e-8
4.770374298095703e-8
4.3151113390922547e-8
3.9800399541854855e-8
3.748747110366821e-8
3.5322433710098265e-8
3.4027248620986936e-8
3.271079063415527e-8
3.163039088249207e-8
3.099167346954346e-8
3.043296337127685e-8
2.8109937906265258e-8
2.4852660298347472e-8
2.2570645809173582e-8
2.112579196691513e-8
2.0688708126544953e-8
2.1148033440113068e-8
2.262046933174133e-8
2.472478002309799e-8
2.6993778347969055e-8
2.7407598495483398e-8
2.579600512981415e-8
2.38004133105278e-8
2.092725336551666e-8
1.9328919053077696e-8
1.8201027810573576e-8
9.696685709059237e-10
2.660517767071724e-9
4.168036952614784e-9
5.954621732234954e-9
8.373790234327316e-9
1.1819975823163985e-8
1.6085100173950194e-8
2.0860809087753294e-8
2.630588114261627e-8
2.971241176128387e-8
3.036109209060669e-8
3.0209448933601375e-8
3.2539874315261837e-8
3.650404512882233e-8
4.1480004787445066e-8
4.619043469429016e-8
4.390776753425598e-8
3.6511984467506406e-8
2.829158306121826e-8
2.2123089432716367e-8
1.7942157387733457e-8
1.4740565419197082e-8
1.2097056210041045e-8
1.003914102911949e-8
8.536754548549652e-9
7.705714553594588e-9
7.530485093593596e-9
7.842965424060821e-9
8.419888466596603e-9
8.577585965394973e-9
8.414855599403381e-9
8.485367149114609e-9
8.688423037528991e-9
8.883663266897202e-9
9.238585084676742e-9
9.883426874876022e-9
1.0625119507312774e-8
1.1370155960321425e-8
1.229345053434372e-8
1.3421538472175597e-8
1.4779029786586761e-8
1.6574323177337647e-8
1.7897763848304747e-8
1.8699467182159422e-8
2.0514382421970367e-8
2.2821541130542753e-8
2.4444514513015747e-8
2.5381737947463987e-8
2.656871676445007e-8
2.631864845752716e-8
2.5366264581680297e-8
2.5510883331298827e-8
2.4437320232391356e-8
2.3861993849277495e-8
2.3565635085105894e-8
2.4941056966781614e-8
2.800176441669464e-8
2.9778942465782163e-8
3.2914799451828e-8
3.750420212745666e-8
4.233224093914032e-8
4.753065407276153e-8
5.3140318393707273e-8
5.67706823348999e-8
5.573816299438476e-8
5.514066219329834e-8
5.7153820991516114e-8
5.928020477294921e-8
6.047409176826476e-8
6.03994905948639e-8
5.968491435050965e-8
5.881627798080444e-8
5.6224668025970456e-8
5.3902745246887206e-8
5.1390403509140015e-8
5.018590688705444e-8
4.896446764469147e-8
4.4559940695762634e-8
4.1265851259231564e-8
3.888753652572632e-8
3.652847707271576e-8
3.5016244649887087e-8
3.349388539791107e-8
3.22816789150238e-8
3.1652984023094175e-8
3.1215614080429076e-8
2.893020808696747e-8
2.5556141138076782e-8
2.3111668229103088e-8
2.154010236263275e-8
2.104945033788681e-8
2.1518075466156005e-8
2.3054538667201995e-8
2.5287359952926636e-8
2.774924635887146e-8
2.8276357054710387e-8
2.658042311668396e-8
2.440831810235977e-8
2.1370907127857208e-8
1.9706031680107117e-8
1.8559332191944122e-8
9.869257919490337e-10
2.717069908976555e-9
4.267268627882003e-9
6.089956685900688e-9
8.514982461929322e-9
1.1851882934570311e-8
1.5894307196140288e-8
2.0457254350185394e-8
2.5755465030670164e-8
2.9289808869361875e-8
3.020079433917999e-8
3.033974766731262e-8
3.283654451370239e-8
3.6885875463485715e-8
4.1961622238159176e-8
4.676852524280548e-8
4.4385454058647154e-8
3.6579278111457825e-8
2.819446623325348e-8
2.1998631954193116e-8
1.775822192430496e-8
1.4534920454025269e-8
1.189187467098236e-8
9.836068749427795e-9
8.37075337767601e-9
7.59812295436859e-9
7.475303113460541e-9
7.832559943199157e-9
8.429371565580368e-9
8.60917791724205e-9
8.45872163772583e-9
8.516107499599457e-9
8.714102208614349e-9
8.90621393918991e-9
9.241030365228652e-9
9.831365942955017e-9
1.0505012422800063e-8
1.1224497854709625e-8
1.2159591913223266e-8
1.3305278122425078e-8
1.4703507721424103e-8
1.6502927243709563e-8
1.7778556048870086e-8
1.8517589569091797e-8
2.023394554853439e-8
2.246476858854294e-8
2.408856451511383e-8
2.5085380673408506e-8
2.6234441995620728e-8
2.599840760231018e-8
2.5011488795280457e-8
2.4961616098880766e-8
2.383325546979904e-8
2.320968210697174e-8
2.289869338274002e-8
2.4206136167049408e-8
2.7116087079048156e-8
2.88522869348526e-8
3.187994062900543e-8
3.6374196410179134e-8
4.108045995235443e-8
4.619531333446502e-8
5.1935708522796625e-8
5.575611591339111e-8
5.491030216217041e-8
5.4498225450515746e-8
5.677136778831482e-8
5.92400848865509e-8
6.073125600814818e-8
6.085863709449768e-8
6.008235812187194e-8
5.895435810089111e-8
5.627133250236511e-8
5.416004061698913e-8
5.188362002372741e-8
5.108564496040344e-8
5.027771592140198e-8
4.5954269170761106e-8
4.274463355541229e-8
4.029048383235931e-8
3.7722471356391905e-8
3.601731061935425e-8
3.4341710805892945e-8
3.302678465843201e-8
3.2331782579422e-8
3.19164901971817e-8
2.977652847766876e-8
2.6386421918869018e-8
2.3713362216949462e-8
2.1966007351875306e-8
2.143055647611618e-8
2.1908013522624967e-8
2.3518432676792144e-8
2.592765986919403e-8
2.8591969609260557e-8
2.9164463281631468e-8
2.733109891414642e-8
2.4957448244094848e-8
2.181209921836853e-8
2.0129646360874174e-8
1.8940544128417968e-8
9.806797839701175e-10
2.737580798566341e-9
4.322836175560951e-9
6.164529547095299e-9
8.633264899253845e-9
1.1718165874481201e-8
1.5406467020511627e-8
1.9982877373695374e-8
2.5333040952682495e-8
2.932688593864441e-8
3.033785820007324e-8
3.07598739862442e-8
3.315150737762451e-8
3.6946335434913636e-8
4.2434677481651305e-8
4.822192192077637e-8
4.5703130960464474e-8
3.5925090312957764e-8
2.7413901686668396e-8
2.165241539478302e-8
1.7331817746162415e-8
1.4204172790050506e-8
1.1750373244285583e-8
9.742763638496399e-9
8.374400436878204e-9
7.707267254590987e-9
7.555978000164031e-9
7.82143622636795e-9
8.276137709617614e-9
8.525513112545013e-9
8.516449481248855e-9
8.536390960216522e-9
8.734446018934249e-9
8.979432284832e-9
9.316066652536392e-9
9.73818302154541e-9
1.019524335861206e-8
1.0918978601694107e-8
1.1948779225349425e-8
1.3064277172088623e-8
1.4601191878318787e-8
1.651657670736313e-8
1.780077964067459e-8
1.8557071685791016e-8
2.0038367807865143e-8
2.2016654908657073e-8
2.3615914583206176e-8
2.4856118857860565e-8
2.5760075449943542e-8
2.586284577846527e-8
2.5078412890434264e-8
2.421627938747406e-8
2.2980897128582e-8
2.2351855039596558e-8
2.2313836216926575e-8
2.3697459697723387e-8
2.6169344782829284e-8
2.776232361793518e-8
3.052458763122558e-8
3.530205190181732e-8
4.0011546015739436e-8
4.475011825561523e-8
5.076886415481567e-8
5.479583740234375e-8
5.436226725578308e-8
5.425394773483276e-8
5.649431943893432e-8
5.8953356742858886e-8
6.083729863166808e-8
6.217478513717651e-8
6.116198897361755e-8
5.81206202507019e-8
5.4571902751922604e-8
5.332885980606079e-8
5.161508321762085e-8
5.205054283142089e-8
5.232908725738525e-8
4.7594162821769714e-8
4.4501098990440364e-8
4.169740378856659e-8
3.8634520769119264e-8
3.679277002811432e-8
3.5270756483078004e-8
3.4001004695892335e-8
3.282461166381836e-8
3.204893171787262e-8
3.089880049228668e-8
2.817350924015045e-8
2.4680808186531067e-8
2.236279547214508e-8
2.1812878549098967e-8
2.2295230627059936e-8
2.399647533893585e-8
2.6848500967025756e-8
2.989936470985413e-8
3.029380142688751e-8
2.7983105182647703e-8
2.511901557445526e-8
2.213885933160782e-8
2.0773711800575257e-8
1.9432203471660612e-8
9.801737032830715e-10
2.7615612372756003e-9
4.372766986489296e-9
6.242113560438156e-9
8.652637153863907e-9
1.1560112982988358e-8
1.505381613969803e-8
1.9551882147789e-8
2.5012677907943725e-8
2.9258394241333007e-8
3.050117790699005e-8
3.1058806180953976e-8
3.3431047201156615e-8
3.72111439704895e-8
4.305128455162048e-8
4.940098822116852e-8
4.643338620662689e-8
3.566877245903015e-8
2.6861029863357543e-8
2.1194255352020262e-8
1.6968800127506256e-8
1.3927531242370605e-8
1.158166155219078e-8
9.676848351955414e-9
8.39414820075035e-9
7.77435451745987e-9
7.605189830064773e-9
7.782276719808579e-9
8.191148936748504e-9
8.476649224758147e-9
8.52038860321045e-9
8.566147834062576e-9
8.774145692586898e-9
9.036064147949218e-9
9.325814992189407e-9
9.617815166711806e-9
9.960965067148209e-9
1.0656022280454635e-8
1.1708186566829682e-8
1.287783533334732e-8
1.448979377746582e-8
1.6491246223449708e-8
1.781676858663559e-8
1.851934641599655e-8
1.9848689436912536e-8
2.1653668582439422e-8
2.3222918808460234e-8
2.4504341185092923e-8
2.5438466668128967e-8
2.566184401512146e-8
2.4866998195648193e-8
2.3702505230903625e-8
2.2231844067573546e-8
2.159927040338516e-8
2.1667994558811187e-8
2.3081138730049132e-8
2.5359284877777097e-8
2.675054967403412e-8
2.936122715473175e-8
3.413547575473785e-8
3.886910378932953e-8
4.3477135896682736e-8
4.9570417404174804e-8
5.378757715225219e-8
5.3704380989074706e-8
5.3872328996658326e-8
5.6199723482131956e-8
5.875887870788574e-8
6.097608804702759e-8
6.302633881568908e-8
6.189072728157044e-8
5.773120522499084e-8
5.346282720565795e-8
5.2460294961929316e-8
5.1282995939254756e-8
5.2672892808914185e-8
5.3920638561248776e-8
4.9293529987335203e-8
4.619286060333252e-8
4.315012097358703e-8
3.971481919288635e-8
3.768769800662994e-8
3.6172443628311153e-8
3.4856241941452026e-8
3.3419561386108395e-8
3.2579919695854184e-8
3.1940755248069764e-8
2.9551848769187926e-8
2.570435404777527e-8
2.293112725019455e-8
2.2223953902721406e-8
2.2724735736846923e-8
2.4602764844894407e-8
2.7794697880744932e-8
3.109460771083831e-8
3.1328210234642025e-8
2.857184410095215e-8
2.549239695072174e-8
2.2588849067687987e-8
2.1277247369289396e-8
1.997808665037155e-8
9.83527675271034e-10
2.786668762564659e-9
4.4224463403224946e-9
6.287468969821929e-9
8.630602806806564e-9
1.1403588950634002e-8
1.4757853746414185e-8
1.9196021556854248e-8
2.472989410161972e-8
2.917360961437225e-8
3.0625072121620175e-8
3.130267560482025e-8
3.371632397174835e-8
3.75820130109787e-8
4.370260834693908e-8
5.034154057502746e-8
4.6954053640365595e-8
3.553107380867004e-8
2.6437243819236756e-8
2.0766517519950865e-8
1.6624730825424192e-8
1.3675583899021148e-8
1.1427724361419677e-8
9.619323164224624e-9
8.409302681684494e-9
7.819539308547974e-9
7.623182237148284e-9
7.750581204891205e-9
8.13426524400711e-9
8.438385277986527e-9
8.519273996353149e-9
8.591793477535247e-9
8.816155046224594e-9
9.068554639816284e-9
9.299660474061965e-9
9.49615091085434e-9
9.759271889925002e-9
1.0420399159193038e-8
1.1484652757644654e-8
1.2701700627803803e-8
1.4379607141017914e-8
1.6445998847484588e-8
1.7798151075839995e-8
1.845110058784485e-8
1.9662074744701386e-8
2.134442776441574e-8
2.2860878705978393e-8
2.4154934287071227e-8
2.513540983200073e-8
2.541103661060333e-8
2.4575720727443695e-8
2.3237326741218567e-8
2.1602798998355863e-8
2.0914487540721893e-8
2.1018014848232268e-8
2.2426731884479523e-8
2.4587471783161162e-8
2.583431005477905e-8
2.830398082733154e-8
3.298202455043793e-8
3.769834339618683e-8
4.2266753315925596e-8
4.8375502228736876e-8
5.2745527029037473e-8
5.296075344085693e-8
5.33879816532135e-8
5.586733222007751e-8
5.8586019277572626e-8
6.109189987182616e-8
6.359948515892028e-8
6.240487098693848e-8
5.756469964981079e-8
5.27390718460083e-8
5.170321464538574e-8
5.09163498878479e-8
5.305805802345276e-8
5.5182427167892456e-8
5.0867313146591187e-8
4.784741699695587e-8
4.463652968406677e-8
4.090413451194763e-8
3.867885768413544e-8
3.708378970623016e-8
3.568582832813263e-8
3.410736918449402e-8
3.328879475593567e-8
3.295978903770447e-8
3.076559007167816e-8
2.6695239543914794e-8
2.3583672940731046e-8
2.270342856645584e-8
2.322041541337967e-8
2.5278368592262266e-8
2.8744992613792417e-8
3.2219260931015016e-8
3.228349685668945e-8
2.9204311966896055e-8
2.5978192687034605e-8
2.3060342669487e-8
2.1789540350437162e-8
2.0517501235008238e-8
9.892740286886691e-10
2.813291735947132e-9
4.461000114679336e-9
6.308393925428391e-9
8.585535734891892e-9
1.125202178955078e-8
1.4503094553947449e-8
1.88951775431633e-8
2.4481078982353208e-8
2.9083380103111265e-8
3.071619570255279e-8
3.151627480983734e-8
3.4014105796813965e-8
3.8002192974090576e-8
4.433574378490448e-8
5.111913084983825e-8
4.736564755439758e-8
3.5441401600837704e-8
2.609580159187317e-8
2.0385003089904783e-8
1.6304746270179748e-8
1.3443097472190856e-8
1.128825545310974e-8
9.56629291176796e-9
8.416336774826049e-9
7.844384759664535e-9
7.628229260444641e-9
7.7236108481884e-9
8.092594146728514e-9
8.409496396780013e-9
8.517931401729584e-9
8.615352213382721e-9
8.84876474738121e-9
9.080386161804199e-9
9.254363924264908e-9
9.37553346157074e-9
9.577317535877228e-9
1.0208766162395477e-8
1.1278634518384933e-8
1.2534940242767334e-8
1.4267471432685851e-8
1.6383592784404753e-8
1.775178015232086e-8
1.8362270295619964e-8
1.9481348991394042e-8
2.1065513789653776e-8
2.2527208924293516e-8
2.3819418251514434e-8
2.4829721450805663e-8
2.5126603245735167e-8
2.4250365793704986e-8
2.2797323763370513e-8
2.1049268543720244e-8
2.029368579387665e-8
2.0385819673538206e-8
2.1765869855880735e-8
2.3836874961853028e-8
2.4984751641750335e-8
2.7327087521553038e-8
3.1871837377548214e-8
3.653358519077301e-8
4.108363091945648e-8
4.718820452690124e-8
5.1678764820098874e-8
5.2152293920516966e-8
5.282301306724548e-8
5.54861307144165e-8
5.839527249336242e-8
6.115978360176087e-8
6.399047374725342e-8
6.277865767478943e-8
5.751057863235473e-8
5.2265679836273193e-8
5.109400749206543e-8
5.055967569351196e-8
5.3284537792205807e-8
5.61887800693512e-8
5.227116346359253e-8
4.9435383081436155e-8
4.61387038230896e-8
4.216748774051666e-8
3.974790573120117e-8
3.802959620952606e-8
3.653423488140106e-8
3.486761450767517e-8
3.40936541557312e-8
3.397881686687469e-8
3.19005936384201e-8
2.7656951546669004e-8
2.4280354380607604e-8
2.3251137137413025e-8
2.3781721293926237e-8
2.599970996379852e-8
2.969183325767517e-8
3.329232335090637e-8
3.3210715651512144e-8
2.988295555114746e-8
2.6521578431129456e-8
2.3565831780433655e-8
2.2308532893657682e-8
2.1055902540683744e-8
9.704632684588433e-10
2.793808653950691e-9
4.4724844396114346e-9
6.309080123901367e-9
8.540261536836624e-9
1.117105260491371e-8
1.4447461068630218e-8
1.8701156973838805e-8
2.4063377082347868e-8
2.8821828961372373e-8
3.1114572286605834e-8
3.2344493269920346e-8
3.4422102570533754e-8
3.826761841773987e-8
4.437398016452789e-8
5.1383304595947264e-8
4.764618873596191e-8
3.507962524890899e-8
2.5919997692108152e-8
2.0101068913936613e-8
1.6104844212532042e-8
1.3392616808414458e-8
1.1306514590978622e-8
9.646598994731903e-9
8.423933386802673e-9
7.804743200540543e-9
7.613275200128556e-9
7.709582895040512e-9
8.043595403432845e-9
8.38148221373558e-9
8.532304316759109e-9
8.608326315879821e-9
8.793461322784423e-9
8.977282047271728e-9
9.087761491537094e-9
9.222112596035003e-9
9.442225843667983e-9
1.0007620602846146e-8
1.1032938957214355e-8
1.227794513106346e-8
1.4148734509944916e-8
1.6383169591426848e-8
1.7648911476135252e-8
1.8215653300285337e-8
1.92713662981987e-8
2.072584331035614e-8
2.2116772830486297e-8
2.3333117365837096e-8
2.436031550168991e-8
2.4914374947547913e-8
2.4210277199745178e-8
2.2564758360385893e-8
2.0683716237545014e-8
1.9779002666473388e-8
1.9750046730041504e-8
2.128402888774872e-8
2.3463226854801178e-8
2.4130931496620176e-8
2.6011839509010315e-8
3.040270805358887e-8
3.538142144680023e-8
3.998578488826751e-8
4.626268148422241e-8
5.1891636848449705e-8
5.210633277893066e-8
5.199754238128662e-8
5.4722595214843746e-8
5.855854749679565e-8
6.12499713897705e-8
6.339089274406433e-8
6.294701099395752e-8
5.76684832572937e-8
5.187546014785766e-8
5.022358894348144e-8
4.951468706130981e-8
5.302574038505554e-8
5.6673586368560786e-8
5.2881163358688355e-8
5.071443915367126e-8
4.774626493453979e-8
4.3485018610954285e-8
4.0838938951492305e-8
3.9082992076873776e-8
3.7785568833351135e-8
3.6092352867126464e-8
3.4964966773986816e-8
3.4591001272201534e-8
3.296671211719513e-8
2.8913423418998716e-8
2.5281837582588194e-8
2.3983554542064665e-8
2.4469256401062012e-8
2.6837885379791258e-8
3.0874180793762205e-8
3.461971879005432e-8
3.390887975692749e-8
3.030467927455902e-8
2.718103229999542e-8
2.4244867265224456e-8
2.2754977643489835e-8
2.1546514332294465e-8
9.415358304977417e-10
2.757679671049118e-9
4.461180791258812e-9
6.296523660421371e-9
8.506758511066436e-9
1.114651709794998e-8
1.4446201920509338e-8
1.853579431772232e-8
2.3660531640052795e-8
2.8600794076919555e-8
3.163407742977142e-8
3.3301278948783876e-8
3.491729199886322e-8
3.843063414096832e-8
4.418854713439941e-8
5.1362282037734984e-8
4.7684779763221736e-8
3.475057184696197e-8
2.573694586753845e-8
1.991641968488693e-8
1.600000113248825e-8
1.3429999351501464e-8
1.1418200284242629e-8
9.759158641099929e-9
8.434579521417618e-9
7.757817953824997e-9
7.585371285676956e-9
7.687646150588989e-9
8.002703636884689e-9
8.360359817743301e-9
8.534536510705947e-9
8.571722358465195e-9
8.687980473041534e-9
8.808325976133346e-9
8.882810175418854e-9
9.05281975865364e-9
9.303412586450576e-9
9.814586490392684e-9
1.0774894803762436e-8
1.2012965232133864e-8
1.4011590182781218e-8
1.6354739665985107e-8
1.7540253698825837e-8
1.804268807172775e-8
1.9032000005245206e-8
2.0365676283836364e-8
2.1663129329681394e-8
2.2794659435749053e-8
2.3859006166458128e-8
2.4703601002693174e-8
2.423409819602966e-8
2.247042804956436e-8
2.0430697500705718e-8
1.9353947043418884e-8
1.9203782081604002e-8
2.0866042375564575e-8
2.31471911072731e-8
2.3366704583168028e-8
2.471286952495575e-8
2.8851494193077087e-8
3.412264585494995e-8
3.8933259248733516e-8
4.5542621612548824e-8
5.244770050048828e-8
5.23739755153656e-8
5.133811235427856e-8
5.394531488418579e-8
5.867054462432861e-8
6.122804284095763e-8
6.256425976753234e-8
6.289086937904358e-8
5.7772880792617796e-8
5.152075886726379e-8
4.9318283796310424e-8
4.82957512140274e-8
5.239061117172241e-8
5.6698656082153315e-8
5.3089046478271484e-8
5.16701340675354e-8
4.9230501055717466e-8
4.483745992183685e-8
4.200831055641174e-8
4.0254068374633785e-8
3.921439945697784e-8
3.750944435596466e-8
3.592723309993744e-8
3.51934552192688e-8
3.397696018218994e-8
3.0247971415519716e-8
2.6446813344955443e-8
2.487509101629257e-8
2.5279146432876586e-8
2.780206501483917e-8
3.217444121837616e-8
3.5940298438072204e-8
3.456019461154937e-8
3.074341118335724e-8
2.7875420451164246e-8
2.491697520017624e-8
2.323501110076904e-8
2.2001458704471588e-8
9.197884239256382e-10
2.731305360794067e-9
4.442614316940307e-9
6.277867406606674e-9
8.482847362756729e-9
1.1123861372470855e-8
1.438847631216049e-8
1.8366990983486175e-8
2.3404006659984588e-8
2.8540924191474914e-8
3.205662369728088e-8
3.398039042949677e-8
3.539987802505493e-8
3.861075937747955e-8
4.414196908473968e-8
5.1323533058166504e-8
4.759063124656677e-8
3.455511927604675e-8
2.5527960062026978e-8
1.9769152998924254e-8
1.593189686536789e-8
1.3460069894790648e-8
1.1510170251131058e-8
9.828373044729233e-9
8.446577936410903e-9
7.734588533639908e-9
7.555892318487168e-9
7.657317817211151e-9
7.975010573863983e-9
8.342493325471878e-9
8.514278382062911e-9
8.51876437664032e-9
8.579223603010177e-9
8.648108690977096e-9
8.706299960613251e-9
8.887110650539398e-9
9.141403436660766e-9
9.62512046098709e-9
1.0545064508914947e-8
1.1795558780431747e-8
1.3860514760017395e-8
1.62608802318573e-8
1.7434233427047728e-8
1.7874564230442046e-8
1.8786817789077758e-8
2.0026192069053648e-8
2.1231526136398313e-8
2.2311846911907196e-8
2.3426033556461333e-8
2.444511204957962e-8
2.4135322868824006e-8
2.2366055846214294e-8
2.020318806171417e-8
1.899045556783676e-8
1.875961720943451e-8
2.041824162006378e-8
2.268139123916626e-8
2.2702042758464814e-8
2.3676203191280363e-8
2.7513596415519713e-8
3.2805681228637695e-8
3.786271810531616e-8
4.48335736989975e-8
5.2486819028854367e-8
5.2457058429718015e-8
5.0979059934616086e-8
5.341522097587585e-8
5.850932002067566e-8
6.10651433467865e-8
6.205236315727234e-8
6.272215247154236e-8
5.769413709640503e-8
5.120007991790771e-8
4.86137717962265e-8
4.73658800125122e-8
5.1685988903045654e-8
5.649609565734863e-8
5.3273737430572506e-8
5.244094729423523e-8
5.047657489776611e-8
4.6156400442123413e-8
4.325999021530151e-8
4.1504925489425655e-8
4.058694541454315e-8
3.884637355804443e-8
3.698601424694061e-8
3.6059170961380006e-8
3.501396477222443e-8
3.146532475948334e-8
2.7580526471137998e-8
2.583632469177246e-8
2.6180246472358702e-8
2.8836479783058165e-8
3.341320753097534e-8
3.7105798721313475e-8
3.533658981323242e-8
3.1368196010589596e-8
2.8542995452880857e-8
2.5519406795501708e-8
2.376091480255127e-8
2.2472882270812988e-8
9.035115130245686e-10
2.708504535257816e-9
4.4224053621292115e-9
6.257948279380798e-9
8.46070647239685e-9
1.10892154276371e-8
1.4310735464096068e-8
1.8219226598739624e-8
2.3243476450443265e-8
2.8562131524085996e-8
3.2409355044364925e-8
3.45145583152771e-8
3.5824608802795406e-8
3.8810500502586366e-8
4.4163468480110166e-8
5.127325654029846e-8
4.746855199337006e-8
3.438145220279693e-8
2.5352102518081664e-8
1.964188516139984e-8
1.5883272886276243e-8
1.3488607108592987e-8
1.1576388776302336e-8
9.879209846258163e-9
8.45794305205345e-9
7.718393951654433e-9
7.52851292490959e-9
7.628973573446273e-9
7.95065388083458e-9
8.320485800504685e-9
8.481116592884064e-9
8.453369885683059e-9
8.468279242515563e-9
8.499792963266372e-9
8.543075621128082e-9
8.72327610850334e-9
8.973763883113861e-9
9.438741207122802e-9
1.0339168459177017e-8
1.1600476503372191e-8
1.3703046739101409e-8
1.6138322651386262e-8
1.7310450971126555e-8
1.7706499993801116e-8
1.8545839190483093e-8
1.9700007140636444e-8
2.082818895578384e-8
2.187301367521286e-8
2.3027460277080534e-8
2.4161604046821593e-8
2.397050857543945e-8
2.2226500511169432e-8
1.9993752241134644e-8
1.8677540123462675e-8
1.8370476365089416e-8
1.9973474740982055e-8
2.2168388962745667e-8
2.207152545452118e-8
2.2802372276782988e-8
2.6354268193244934e-8
3.154456913471222e-8
3.677246868610382e-8
4.406086802482605e-8
5.222479701042175e-8
5.237529277801513e-8
5.072798132896423e-8
5.3030407428741456e-8
5.825066566467285e-8
6.082690954208374e-8
6.167293787002563e-8
6.249994039535523e-8
5.75208306312561e-8
5.089021325111389e-8
4.804076254367828e-8
4.662467539310455e-8
5.100525617599487e-8
5.61680793762207e-8
5.336666107177734e-8
5.30611515045166e-8
5.154555439949035e-8
4.739651083946228e-8
4.453600943088531e-8
4.280162751674652e-8
4.194892346858978e-8
4.016048312187195e-8
3.811778128147125e-8
3.707241117954254e-8
3.610958158969879e-8
3.264156281948089e-8
2.8694817423820493e-8
2.684260010719299e-8
2.71526038646698e-8
2.990473508834839e-8
3.460448384284973e-8
3.823524713516235e-8
3.619909286499023e-8
3.207603394985199e-8
2.9209741950035093e-8
2.6114866137504575e-8
2.429060786962509e-8
2.2969529032707213e-8
8.900681510567665e-10
2.6824228465557097e-9
4.400691017508507e-9
6.249547749757766e-9
8.446554839611054e-9
1.1032214015722274e-8
1.4166134595870972e-8
1.8044060468673704e-8
2.3190875351428986e-8
2.868900895118713e-8
3.266664147377014e-8
3.49553495645523e-8
3.622117042541504e-8
3.89271080493927e-8
4.414125680923462e-8
5.1028627157211304e-8
4.740113019943237e-8
3.449101746082306e-8
2.5295978784561157e-8
1.9601407647132873e-8
1.5862809121608732e-8
1.3471341133117675e-8
1.1574729532003402e-8
9.870018810033798e-9
8.462613821029663e-9
7.71728754043579e-9
7.506793737411499e-9
7.59749785065651e-9
7.916965335607528e-9
8.282176405191421e-9
8.434672653675079e-9
8.382844924926757e-9
8.346007764339446e-9
8.343546092510223e-9
8.387122303247452e-9
8.561754971742629e-9
8.808976411819457e-9
9.274766594171524e-9
1.0169333964586258e-8
1.1426492035388946e-8
1.3543638586997986e-8
1.6003069281578064e-8
1.7159798741340637e-8
1.7534048855304716e-8
1.8308232724666596e-8
1.9385933876037596e-8
2.0458413660526274e-8
2.1452468633651732e-8
2.267004996538162e-8
2.3925542831420897e-8
2.3756895959377288e-8
2.2021415829658507e-8
1.975829303264618e-8
1.8448759615421295e-8
1.8041156232357025e-8
1.9525453448295592e-8
2.1657823026180267e-8
2.1369646489620207e-8
2.1950535476207733e-8
2.5295719504356382e-8
3.034476935863495e-8
3.5719349980354304e-8
4.325036704540252e-8
5.1717609167099e-8
5.237089991569519e-8
5.088418126106262e-8
5.272783637046814e-8
5.756817460060119e-8
6.039513349533081e-8
6.134095788002014e-8
6.199120879173279e-8
5.722643136978149e-8
5.067458152770996e-8
4.754950702190399e-8
4.609167575836181e-8
5.042153000831604e-8
5.573276877403259e-8
5.346710681915283e-8
5.367153882980347e-8
5.2525842189788815e-8
4.855138063430786e-8
4.57864373922348e-8
4.407136738300323e-8
4.322777986526489e-8
4.147440493106842e-8
3.933317363262176e-8
3.820493221282959e-8
3.723854124546051e-8
3.3806586265563967e-8
2.9852306842803956e-8
2.790469527244568e-8
2.818545699119568e-8
3.099150359630585e-8
3.5747855901718136e-8
3.928541839122772e-8
3.708046078681946e-8
3.287175297737121e-8
2.991768419742584e-8
2.6694130897521973e-8
2.4794907867908476e-8
2.3470732569694517e-8
8.729944936931133e-10
2.619621343910694e-9
4.37043234705925e-9
6.319889426231384e-9
8.498045802116394e-9
1.0870613902807235e-8
1.3623736798763275e-8
1.7522895336151124e-8
2.3462651669979094e-8
2.924050688743591e-8
3.2590937614440916e-8
3.5317406058311464e-8
3.671085238456726e-8
3.8449153304100036e-8
4.362485408782959e-8
4.955908060073852e-8
4.763911664485931e-8
3.6440148949623104e-8
2.592053711414337e-8
2.0028038322925565e-8
1.5954434871673584e-8
1.317603439092636e-8
1.1208286881446837e-8
9.543753415346146e-9
8.423377573490142e-9
7.796204090118407e-9
7.503850758075713e-9
7.530030608177185e-9
7.81807154417038e-9
8.166292309761046e-9
8.357948064804077e-9
8.323410898447036e-9
8.149594068527222e-9
8.09118002653122e-9
8.225096017122268e-9
8.40076059103012e-9
8.669321984052657e-9
9.224039316177368e-9
1.0145657509565353e-8
1.1314364522695541e-8
1.3390727341175079e-8
1.5885135531425476e-8
1.6928131878376005e-8
1.7354275286197662e-8
1.806480586528778e-8
1.9075000286102293e-8
2.0156250894069672e-8
2.0967200398445128e-8
2.245425581932068e-8
2.407981902360916e-8
2.3475319147109985e-8
2.156505584716797e-8
1.9319666922092437e-8
1.8549309670925138e-8
1.787545680999756e-8
1.8985120952129364e-8
2.1188721060752868e-8
2.0100176334381103e-8
2.064400017261505e-8
2.406017631292343e-8
2.9031285643577574e-8
3.487398326396942e-8
4.25825297832489e-8
5.0829452276229855e-8
5.368954539299011e-8
5.373008847236633e-8
5.2330315113067626e-8
5.4454320669174195e-8
5.870576500892639e-8
6.095134615898132e-8
5.980352163314819e-8
5.634503960609436e-8
5.1028370857238765e-8
4.707029461860656e-8
4.621663987636566e-8
5.017638802528381e-8
5.49834668636322e-8
5.415650606155395e-8
5.500375628471374e-8
5.380164980888367e-8
4.967907071113586e-8
4.692581295967102e-8
4.5010480284690856e-8
4.390217959880829e-8
4.2731073498725886e-8
4.076280891895294e-8
3.9553937315940855e-8
3.825104534626007e-8
3.491658866405487e-8
3.132652342319488e-8
2.9156887531280516e-8
2.934194803237915e-8
3.20853054523468e-8
3.6675670742988586e-8
3.978220522403717e-8
3.77277672290802e-8
3.395615220069885e-8
3.081752955913544e-8
2.7166128158569333e-8
2.5087422132492064e-8
2.387069910764694e-8
8.5506122559309e-10
2.58263424038887e-9
4.364088177680969e-9
6.34876787662506e-9
8.483567088842392e-9
1.0672556608915328e-8
1.3244466483592986e-8
1.7223119735717773e-8
2.3543207347393035e-8
2.953386604785919e-8
3.2788810133934017e-8
3.5602661967277525e-8
3.689088523387909e-8
3.817029595375061e-8
4.3069908022880555e-8
4.874957799911499e-8
4.798044264316559e-8
3.75259518623352e-8
2.6751625537872314e-8
2.036439776420593e-8
1.597221493721008e-8
1.2950985133647919e-8
1.0887585580348968e-8
9.333708882331848e-9
8.358197659254074e-9
7.808207720518112e-9
7.49562680721283e-9
7.469662278890609e-9
7.7244371175766e-9
8.070655912160873e-9
8.27512890100479e-9
8.210023492574692e-9
7.979008555412292e-9
7.89397656917572e-9
8.041096478700637e-9
8.249393850564957e-9
8.551573753356934e-9
9.15059521794319e-9
1.008656620979309e-8
1.1223535984754561e-8
1.326247602701187e-8
1.5721738338470457e-8
1.6745901107788084e-8
1.7145614326000214e-8
1.7827670276165007e-8
1.8791717290878294e-8
1.981882005929947e-8
2.0621003210544585e-8
2.2229738533496856e-8
2.3988318443298337e-8
2.3283588886260985e-8
2.1200694143772124e-8
1.9016584753990174e-8
1.8392367660999298e-8
1.77229106426239e-8
1.8609829246997833e-8
2.05347403883934e-8
1.9222158193588258e-8
1.9496899843215942e-8
2.2829218208789825e-8
2.781040370464325e-8
3.3852338790893555e-8
4.18283075094223e-8
5.034032464027405e-8
5.448159575462341e-8
5.5344021320343016e-8
5.226403474807739e-8
5.261465311050415e-8
5.706259608268737e-8
5.991307497024536e-8
5.8171892166137696e-8
5.536972284317016e-8
5.0823426246643065e-8
4.682052433490753e-8
4.61354911327362e-8
4.999435842037201e-8
5.4622811079025264e-8
5.448939204216003e-8
5.6005787849426266e-8
5.5031239986419675e-8
5.084935426712036e-8
4.803987145423889e-8
4.599854350090027e-8
4.479778707027435e-8
4.3877738714218135e-8
4.2103752493858336e-8
4.088550209999084e-8
3.9453685283660884e-8
3.6138579249382016e-8
3.266034126281738e-8
3.044670820236206e-8
3.0515962839126584e-8
3.3153840899467465e-8
3.756785094738006e-8
4.049373269081115e-8
3.853689432144165e-8
3.489659130573273e-8
3.161100149154663e-8
2.7669543027877805e-8
2.546994686126709e-8
2.4245838820934296e-8
8.397072553634644e-10
2.5614857673645016e-9
4.3597549200057985e-9
6.350044161081314e-9
8.423764258623123e-9
1.0487030446529387e-8
1.2968972325325011e-8
1.701301038265228e-8
2.3552700877189636e-8
2.9731103777885436e-8
3.302118480205536e-8
3.582919239997864e-8
3.696411550045013e-8
3.794598579406738e-8
4.261456429958343e-8
4.830889403820038e-8
4.8294892907142636e-8
3.834222555160522e-8
2.742985188961029e-8
2.0688767731189726e-8
1.5968646109104155e-8
1.2752388417720795e-8
1.0644483566284179e-8
9.161537140607834e-9
8.287449181079864e-9
7.790061831474304e-9
7.471335679292679e-9
7.4119433760643e-9
7.641392946243286e-9
7.981012016534805e-9
8.177128434181213e-9
8.085622638463974e-9
7.820561528205871e-9
7.716313004493713e-9
7.86862000823021e-9
8.101464807987213e-9
8.438089489936828e-9
9.066603332757949e-9
1.001296192407608e-8
1.1134878545999527e-8
1.3139012455940246e-8
1.5561258792877197e-8
1.6562499105930327e-8
1.6941182315349577e-8
1.7591896653175352e-8
1.8515095114707946e-8
1.950472295284271e-8
2.0317712426185608e-8
2.1993130445480345e-8
2.3814713954925535e-8
2.3078465461730957e-8
2.0920929312705992e-8
1.874539256095886e-8
1.8182358145713806e-8
1.7521111667156217e-8
1.8272581696510315e-8
1.9938018918037415e-8
1.846330612897873e-8
1.8545849621295928e-8
2.168544679880142e-8
2.6621520519256592e-8
3.2783740758895874e-8
4.101002514362335e-8
4.9923199415206905e-8
5.4923045635223385e-8
5.629870295524597e-8
5.2294951677322386e-8
5.147677659988403e-8
5.5623114109039303e-8
5.864627361297607e-8
5.6769400835037226e-8
5.4360675811767576e-8
5.034138560295105e-8
4.653840661048889e-8
4.597639143466949e-8
4.9831414222717286e-8
5.443127155303955e-8
5.469780564308166e-8
5.677606463432312e-8
5.61370313167572e-8
5.199926495552063e-8
4.915716648101806e-8
4.7033557295799255e-8
4.579822123050689e-8
4.501677751541137e-8
4.3389093875885006e-8
4.222047030925751e-8
4.0757888555526735e-8
3.742934763431549e-8
3.3977183699607845e-8
3.172589540481567e-8
3.16961944103241e-8
3.421388864517212e-8
3.8497209548950196e-8
4.134306907653808e-8
3.941312432289123e-8
3.577785789966583e-8
3.2350692152976987e-8
2.8196632862091062e-8
2.5884261727333066e-8
2.4629756808280943e-8
8.278067223727703e-10
2.5472542271018026e-9
4.351726919412613e-9
6.328468769788742e-9
8.343924582004546e-9
1.0321739315986633e-8
1.2757417559623718e-8
1.685139536857605e-8
2.353796660900116e-8
2.987588942050934e-8
3.32281082868576e-8
3.600672483444214e-8
3.69913250207901e-8
3.775743246078491e-8
4.2277595400810237e-8
4.8076820373535154e-8
4.859811961650848e-8
3.8991546630859376e-8
2.7986827492713926e-8
2.0963801443576812e-8
1.596521586179733e-8
1.2588578462600707e-8
1.0448153316974639e-8
9.017889946699141e-9
8.212597668170928e-9
7.754604518413544e-9
7.435128837823867e-9
7.354701310396194e-9
7.564521580934524e-9
7.890862971544266e-9
8.071835339069366e-9
7.957585901021956e-9
7.669734209775925e-9
7.552478462457656e-9
7.707151025533675e-9
7.95963779091835e-9
8.32432359457016e-9
8.976297080516815e-9
9.931205213069916e-9
1.104343757033348e-8
1.3018485903739929e-8
1.5403263270854948e-8
1.6380776464939115e-8
1.6738662123680115e-8
1.7359951138496397e-8
1.824759691953659e-8
1.921149790287018e-8
2.0035435259342192e-8
2.174808382987976e-8
2.36018568277359e-8
2.2862206399440766e-8
2.067616730928421e-8
1.8500739336013792e-8
1.7954203486442566e-8
1.7291486263275146e-8
1.7943519353866576e-8
1.940256655216217e-8
1.780015379190445e-8
1.7727069556713102e-8
2.066025137901306e-8
2.5484970211982727e-8
3.170680105686188e-8
4.0144473314285276e-8
4.945906102657318e-8
5.510167479515075e-8
5.6854397058486935e-8
5.232996344566345e-8
5.072361826896667e-8
5.440922975540161e-8
5.7355594635009765e-8
5.548092126846313e-8
5.333659052848816e-8
4.970910549163818e-8
4.616597294807434e-8
4.575216174125671e-8
4.966262578964233e-8
5.4310274124145506e-8
5.485486984252929e-8
5.7391655445098874e-8
5.71107804775238e-8
5.3091627359390256e-8
5.026888847351074e-8
4.810419380664825e-8
4.686116278171539e-8
4.617384374141693e-8
4.465588927268982e-8
4.356455206871032e-8
4.2123520374298095e-8
3.877377808094025e-8
3.530501127243042e-8
3.300066590309143e-8
3.287600874900818e-8
3.5284405946731564e-8
3.947983384132385e-8
4.2284077405929566e-8
4.032855629920959e-8
3.6632916331291196e-8
3.306885063648224e-8
2.8733703494071958e-8
2.6318702101707458e-8
2.5029382109642027e-8
8.238269947469234e-10
2.5363294407725334e-9
4.356082528829575e-9
6.2830805778503415e-9
8.227819949388504e-9
1.0111469775438309e-8
1.2569454312324524e-8
1.6955170035362242e-8
2.3722663521766663e-8
2.997515797615051e-8
3.360962867736816e-8
3.629965484142303e-8
3.68574321269989e-8
3.7505999207496643e-8
4.1958385705947875e-8
4.7719591856002806e-8
4.919538795948028e-8
3.982659578323364e-8
2.8263846039772033e-8
2.081780582666397e-8
1.5735693275928498e-8
1.2438571453094482e-8
1.0333690047264098e-8
8.963587135076522e-9
8.13019797205925e-9
7.665085047483445e-9
7.3889657855033875e-9
7.3176041245460504e-9
7.482406497001648e-9
7.751956582069396e-9
7.88268968462944e-9
7.798369228839874e-9
7.59253054857254e-9
7.451815158128738e-9
7.571234554052353e-9
7.834839820861817e-9
8.22862610220909e-9
8.892266452312469e-9
9.89672839641571e-9
1.1021458357572555e-8
1.2867523729801177e-8
1.5198715031147004e-8
1.627301126718521e-8
1.6596274077892303e-8
1.7134405672550202e-8
1.8023103475570677e-8
1.898013949394226e-8
1.995238661766052e-8
2.1751555800437925e-8
2.3153018951416015e-8
2.2354668378829954e-8
2.0276363193988798e-8
1.8189157545566558e-8
1.7613200843334197e-8
1.66680246591568e-8
1.727461963891983e-8
1.8810325860977173e-8
1.7116758227348327e-8
1.6953922808170317e-8
1.967537552118301e-8
2.4072025716304777e-8
3.003866672515869e-8
3.793041408061981e-8
4.7586113214492796e-8
5.500938296318054e-8
5.848124623298645e-8
5.377424359321594e-8
5.0709801912307736e-8
5.2906894683837886e-8
5.526030659675598e-8
5.411397814750671e-8
5.197840929031372e-8
4.9064600467681884e-8
4.665515720844269e-8
4.636287093162536e-8
5.0520253181457515e-8
5.492294430732727e-8
5.5367004871368406e-8
5.795032978057861e-8
5.752654671669006e-8
5.388088226318359e-8
5.0999552011489866e-8
4.8855838179588315e-8
4.81747031211853e-8
4.746182858943939e-8
4.5822811126708984e-8
4.4754305481910706e-8
4.32843416929245e-8
4.014047980308532e-8
3.670710027217865e-8
3.446146249771118e-8
3.4369343519210817e-8
3.652020990848541e-8
4.015040397644043e-8
4.2706233263015744e-8
4.122084975242615e-8
3.76628965139389e-8
3.3901184797286986e-8
2.9347163438796995e-8
2.6700624823570252e-8
2.538548409938812e-8
8.229263126850127e-10
2.532566711306572e-9
4.350028932094574e-9
6.225163489580154e-9
8.091463148593903e-9
9.910059720277785e-9
1.2449824810028075e-8
1.712716966867447e-8
2.3979240655899046e-8
3.0166423320770265e-8
3.4014171361923217e-8
3.6578184366226193e-8
3.6711758375167847e-8
3.7240004539489746e-8
4.16508287191391e-8
4.746454656124115e-8
4.9847027659416197e-8
4.05875027179718e-8
2.837933897972107e-8
2.0518410205841064e-8
1.5431316196918487e-8
1.2277542799711227e-8
1.0263286530971527e-8
8.925133943557738e-9
8.049353212118148e-9
7.570210844278335e-9
7.33346864581108e-9
7.273726165294647e-9
7.3892243206501e-9
7.586798816919327e-9
7.675409317016601e-9
7.640720903873443e-9
7.523402571678161e-9
7.380460202693939e-9
7.462774217128753e-9
7.725058495998382e-9
8.139526844024658e-9
8.825111389160156e-9
9.878358244895935e-9
1.1002794653177261e-8
1.2730693817138671e-8
1.500777155160904e-8
1.616513580083847e-8
1.6476713120937346e-8
1.6941671073436736e-8
1.782362163066864e-8
1.8817968666553496e-8
1.9946065545082093e-8
2.1756231784820555e-8
2.269971966743469e-8
2.1745033562183378e-8
1.977774202823639e-8
1.7803560197353363e-8
1.7169268429279328e-8
1.5968507528305054e-8
1.6471219062805176e-8
1.809646636247635e-8
1.6458311676979063e-8
1.622898131608963e-8
1.872425526380539e-8
2.265191078186035e-8
2.813304364681244e-8
3.531181514263153e-8
4.502303898334503e-8
5.4295039176940914e-8
6.007816791534424e-8
5.571234226226806e-8
5.124962925910949e-8
5.169571042060852e-8
5.308164358139038e-8
5.2568018436431884e-8
5.0477629899978635e-8
4.8289543390274044e-8
4.7217857837677e-8
4.734517931938171e-8
5.190213322639465e-8
5.6057274341583246e-8
5.618054270744323e-8
5.854969024658203e-8
5.777981281280517e-8
5.441860556602478e-8
5.151975154876709e-8
4.9475520849227906e-8
4.9448654055595395e-8
4.879100918769836e-8
4.698837101459503e-8
4.587728977203369e-8
4.4390970468521115e-8
4.148252606391907e-8
3.816733360290527e-8
3.60380083322525e-8
3.598239719867706e-8
3.777699768543243e-8
4.0731263160705566e-8
4.303179979324341e-8
4.205418825149536e-8
3.872237503528595e-8
3.479730784893036e-8
2.997471988201141e-8
2.709703147411346e-8
2.5718680024147034e-8
8.218534290790558e-10
2.5287266820669175e-9
4.327146708965301e-9
6.158948689699173e-9
7.963987439870834e-9
9.763675183057784e-9
1.2388815730810165e-8
1.7221765220165252e-8
2.41914302110672e-8
3.04325133562088e-8
3.432336151599884e-8
3.676358461380005e-8
3.664068281650543e-8
3.7030455470085145e-8
4.141826331615448e-8
4.7421059012413024e-8
5.0341635942459105e-8
4.1090622544288634e-8
2.847291827201843e-8
2.0322929322719573e-8
1.5198327600955963e-8
1.212230920791626e-8
1.0182089358568191e-8
8.86053517460823e-9
7.975134253501892e-9
7.49601572751999e-9
7.27216675877571e-9
7.208242267370224e-9
7.285508513450622e-9
7.431565225124359e-9
7.50255435705185e-9
7.500277459621428e-9
7.426334917545318e-9
7.298792153596878e-9
7.368174195289611e-9
7.624558359384537e-9
8.051924407482147e-9
8.764415979385376e-9
9.840861707925796e-9
1.0951146483421326e-8
1.2622946500778198e-8
1.4856842160224914e-8
1.602488160133362e-8
1.6340747475624084e-8
1.6775250434875486e-8
1.7642606794834136e-8
1.868273168802261e-8
1.9879610836505888e-8
2.163240611553192e-8
2.235313355922699e-8
2.1237707138061524e-8
1.929391026496887e-8
1.738489270210266e-8
1.6707274317741395e-8
1.540367305278778e-8
1.577454060316086e-8
1.7343699932098388e-8
1.5820473432540892e-8
1.5558840334415436e-8
1.783763617277145e-8
2.1416062116622925e-8
2.6420503854751587e-8
3.313561975955963e-8
4.274136424064636e-8
5.3109216690063474e-8
6.073054075241089e-8
5.703027248382568e-8
5.188525915145874e-8
5.1066499948501584e-8
5.1485729217529296e-8
5.099331736564636e-8
4.906233251094818e-8
4.7386848926544185e-8
4.7216942906379695e-8
4.8032006621360776e-8
5.308219790458679e-8
5.724962949752807e-8
5.710187554359436e-8
5.923966765403747e-8
5.820859670639038e-8
5.4904407262802124e-8
5.2056431770324705e-8
5.015599727630615e-8
5.053473114967346e-8
5.0055420398712155e-8
4.820703268051147e-8
4.705966711044311e-8
4.55994963645935e-8
4.2826527357101436e-8
3.96426647901535e-8
3.760004937648773e-8
3.749634027481079e-8
3.8965979218482967e-8
4.146924316883087e-8
4.362713992595672e-8
4.288778007030487e-8
3.969385623931885e-8
3.5657536983489987e-8
3.0583560466766356e-8
2.753421366214752e-8
2.6078251004219055e-8
8.206261321902275e-10
2.5196706876158713e-9
4.295949637889862e-9
6.087853759527206e-9
7.853510975837707e-9
9.655471891164779e-9
1.2347042560577393e-8
1.7293524742126464e-8
2.4380533397197722e-8
3.0693519115447996e-8
3.458189964294433e-8
3.690703809261322e-8
3.660058081150055e-8
3.6877864599227904e-8
4.127107858657837e-8
4.7466900944709774e-8
5.0727844238281246e-8
4.144488275051117e-8
2.854255735874176e-8
2.0185501873493194e-8
1.5014341473579407e-8
1.1981572955846785e-8
1.0088972002267838e-8
8.787617832422255e-9
7.904368638992309e-9
7.427874952554702e-9
7.206276059150695e-9
7.130380719900131e-9
7.176043838262558e-9
7.288413494825363e-9
7.349917292594909e-9
7.366932183504104e-9
7.321684807538986e-9
7.209522277116775e-9
7.277852296829223e-9
7.532072067260741e-9
7.969579100608826e-9
8.701365441083907e-9
9.790029376745223e-9
1.0888946056365966e-8
1.2524735927581786e-8
1.4721885323524475e-8
1.588120311498642e-8
1.6196420788764952e-8
1.661851406097412e-8
1.7481650412082672e-8
1.8549127876758576e-8
1.9769927859306333e-8
2.146364748477936e-8
2.2036798298358918e-8
2.080380618572235e-8
1.8840350210666657e-8
1.6958728432655333e-8
1.6252949833869933e-8
1.4898779988288879e-8
1.5164919197559355e-8
1.662861257791519e-8
1.5183977782726287e-8
1.49241641163826e-8
1.7023912072181702e-8
2.0305903255939484e-8
2.4912649393081663e-8
3.124449849128723e-8
4.069090187549591e-8
5.169662237167358e-8
6.070588827133179e-8
5.779412388801575e-8
5.243319272994995e-8
5.077467560768127e-8
5.0354176759719843e-8
4.958325624465942e-8
4.7721630334854124e-8
4.640780091285705e-8
4.6883678436279296e-8
4.838194847106933e-8
5.402208566665649e-8
5.8394682407379145e-8
5.808406472206116e-8
6.002315878868103e-8
5.8761531114578246e-8
5.541108250617981e-8
5.260556936264038e-8
5.084772109985351e-8
5.153033137321472e-8
5.1254445314407344e-8
4.943780303001403e-8
4.829558730125427e-8
4.6877434849739075e-8
4.42024827003479e-8
4.1124212741851803e-8
3.9136114716529844e-8
3.895118534564972e-8
4.01447981595993e-8
4.2329445481300354e-8
4.4382899999618526e-8
4.375336766242981e-8
4.062206149101257e-8
3.648144900798797e-8
3.1191906332969666e-8
2.7990883588790894e-8
2.6467579603195188e-8
8.228481747210026e-10
2.5177203118801114e-9
4.27938736975193e-9
6.032610684633255e-9
7.748810946941376e-9
9.568037092685699e-9
1.2361658364534377e-8
1.7450103163719177e-8
2.4606323242187498e-8
3.0906772613525386e-8
3.4785979986190794e-8
3.7011796236038207e-8
3.656763434410095e-8
3.6753946542739864e-8
4.11478728055954e-8
4.753584861755371e-8
5.097353458404541e-8
4.1640791296958924e-8
2.8607052564620972e-8
2.0126408338546753e-8
1.4895525574684143e-8
1.1848195642232895e-8
9.978675842285156e-9
8.695670962333679e-9
7.830122858285903e-9
7.35766738653183e-9
7.1265473961830135e-9
7.03502744436264e-9
7.05895870923996e-9
7.1507848799228665e-9
7.210728526115417e-9
7.245288789272308e-9
7.224578410387039e-9
7.128730416297912e-9
7.1980319917202e-9
7.45745524764061e-9
7.901038229465485e-9
8.644109964370727e-9
9.733651578426361e-9
1.081748604774475e-8
1.2424419075250624e-8
1.458418220281601e-8
1.5739168226718903e-8
1.6056080162525175e-8
1.6478466987609864e-8
1.7331591248512268e-8
1.8422220647335052e-8
1.9672939181327818e-8
2.1283429861068724e-8
2.17033714056015e-8
2.0373718440532684e-8
1.8424272537231445e-8
1.6559545695781706e-8
1.579601466655731e-8
1.4492160081863403e-8
1.465865522623062e-8
1.5902400016784667e-8
1.4617560803890228e-8
1.4359582960605621e-8
1.628938466310501e-8
1.9351567327976227e-8
2.3635928332805632e-8
2.9657909274101255e-8
3.880534470081329e-8
4.986158907413482e-8
5.9562766551971436e-8
5.789639353752136e-8
5.295130014419555e-8
5.077791810035705e-8
4.964349865913391e-8
4.845053553581238e-8
4.656867980957031e-8
4.554113745689392e-8
4.658146798610687e-8
4.8526847362518305e-8
5.463154315948486e-8
5.9408253431320184e-8
5.900014638900756e-8
6.081631183624267e-8
5.942195653915405e-8
5.602127909660339e-8
5.3205591440200805e-8
5.153123140335083e-8
5.245583057403564e-8
5.2385252714157105e-8
5.064758062362671e-8
4.95590478181839e-8
4.817899167537689e-8
4.559821188449859e-8
4.264734387397766e-8
4.0672340989112855e-8
4.035631418228149e-8
4.134057462215423e-8
4.329969882965088e-8
4.525228142738342e-8
4.4646251201629634e-8
4.149138927459717e-8
3.7219098210334774e-8
3.1769165396690366e-8
2.8454414010047913e-8
2.6872861385345457e-8
8.527762256562709e-10
2.5946995243430135e-9
4.396753758192062e-9
6.070659682154655e-9
7.598672062158583e-9
9.486036747694015e-9
1.2698206305503845e-8
1.824001520872116e-8
2.5173211097717285e-8
3.0933102965354916e-8
3.481794893741607e-8
3.698449432849884e-8
3.645091950893402e-8
3.6511555314064024e-8
4.078074991703033e-8
4.749793410301208e-8
5.0727266073226925e-8
4.135089814662933e-8
2.874278128147125e-8
2.0387656986713408e-8
1.4998915791511536e-8
1.1697710305452346e-8
9.77586805820465e-9
8.504953980445862e-9
7.720687985420227e-9
7.2620742022991175e-9
6.980639696121215e-9
6.867710500955582e-9
6.897870451211929e-9
6.994667649269104e-9
7.085387408733368e-9
7.167092710733413e-9
7.196855545043945e-9
7.127894461154937e-9
7.183305919170379e-9
7.469895482063293e-9
7.904934138059616e-9
8.642292022705078e-9
9.690850973129272e-9
1.0718630999326706e-8
1.2283846735954284e-8
1.4380620419979095e-8
1.559663563966751e-8
1.5953800082206726e-8
1.641184538602829e-8
1.719573140144348e-8
1.836622655391693e-8
1.981387734413147e-8
2.1161900460720062e-8
2.1160940825939177e-8
1.9708493351936338e-8
1.805543303489685e-8
1.6276191174983978e-8
1.5280210971832276e-8
1.4483773708343506e-8
1.4441195130348206e-8
1.4870901405811309e-8
1.4341293275356293e-8
1.4134708046913147e-8
1.5742124617099762e-8
1.879907250404358e-8
2.2910530865192412e-8
2.877698242664337e-8
3.6901956796646115e-8
4.598724842071533e-8
5.407810807228088e-8
5.598076581954956e-8
5.414103865623474e-8
5.166365504264831e-8
4.979934394359588e-8
4.792454838752746e-8
4.607698023319244e-8
4.5639207959175106e-8
4.777055382728576e-8
4.902707934379577e-8
5.4575335979461666e-8
6.01512849330902e-8
5.939199328422546e-8
6.121848821640015e-8
6.020987033843994e-8
5.705991387367248e-8
5.404609441757202e-8
5.217360258102417e-8
5.322882533073425e-8
5.335857272148132e-8
5.17307162284851e-8
5.076798796653747e-8
4.9311983585357666e-8
4.691571593284607e-8
4.441103339195251e-8
4.2345958948135376e-8
4.1635361313819885e-8
4.2578765749931335e-8
4.44525808095932e-8
4.622621536254883e-8
4.549347162246704e-8
4.207067787647247e-8
3.750261664390564e-8
3.212716281414032e-8
2.885691225528717e-8
2.7221295237541196e-8
8.818672969937325e-10
2.6705460622906685e-9
4.472619667649269e-9
6.068175658583641e-9
7.536183297634124e-9
9.520430117845535e-9
1.3020770251750946e-8
1.8808461725711823e-8
2.5649410486221312e-8
3.1117108464241025e-8
3.485485017299652e-8
3.6942410469055174e-8
3.6320453882217405e-8
3.6289182305335995e-8
4.0528100728988645e-8
4.734470248222351e-8
5.0500100851058955e-8
4.12143737077713e-8
2.8824374079704282e-8
2.0546185970306397e-8
1.502774804830551e-8
1.1588378995656967e-8
9.596437215805053e-9
8.349064737558364e-9
7.597609609365462e-9
7.144465297460556e-9
6.843803822994232e-9
6.713877618312835e-9
6.741663813591003e-9
6.8511210381984704e-9
6.968455761671066e-9
7.090836018323898e-9
7.160906493663788e-9
7.1135535836219786e-9
7.181278616189956e-9
7.470597326755523e-9
7.909126579761505e-9
8.629706501960755e-9
9.645092487335204e-9
1.0628741234540939e-8
1.2144673615694046e-8
1.4214435219764709e-8
1.544513553380966e-8
1.5846933424472808e-8
1.631646305322647e-8
1.710624098777771e-8
1.8331380188465118e-8
1.9809590280055997e-8
2.1002213656902314e-8
2.073150873184204e-8
1.9189094007015227e-8
1.7626257240772246e-8
1.5926891565322874e-8
1.496649831533432e-8
1.4235733449459075e-8
1.4162671566009521e-8
1.4345042407512663e-8
1.3782492280006408e-8
1.38323113322258e-8
1.5350241959095002e-8
1.822494715452194e-8
2.2209052741527556e-8
2.7755331993103027e-8
3.5090449452400204e-8
4.2843830585479736e-8
4.977525472640991e-8
5.338751673698425e-8
5.3813952207565304e-8
5.2185541391372676e-8
5.014277696609497e-8
4.775573015213012e-8
4.574419558048248e-8
4.559098184108734e-8
4.837140142917633e-8
4.9634107947349545e-8
5.488147735595703e-8
6.06889545917511e-8
5.982549786567688e-8
6.171842813491821e-8
6.092635989189147e-8
5.795710682868957e-8
5.489176511764526e-8
5.291321277618408e-8
5.4033946990966796e-8
5.431011319160461e-8
5.2798271179199215e-8
5.19522488117218e-8
5.0541448593139645e-8
4.830980002880096e-8
4.605222344398498e-8
4.396008253097534e-8
4.30325448513031e-8
4.384883940219879e-8
4.56091433763504e-8
4.723895490169525e-8
4.632275402545929e-8
4.26447719335556e-8
3.790195286273956e-8
3.2492068409919735e-8
2.9226261377334593e-8
2.7585935592651366e-8
9.101634845137596e-10
2.7322102338075637e-9
4.520364478230476e-9
6.069889292120934e-9
7.528748363256454e-9
9.614826738834381e-9
1.3311989605426788e-8
1.9264185428619383e-8
2.607024610042572e-8
3.134428560733795e-8
3.491734564304352e-8
3.6897191405296326e-8
3.618926405906677e-8
3.609609603881836e-8
4.031637012958526e-8
4.7156339883804316e-8
5.0304061174392696e-8
4.113019108772278e-8
2.887945771217346e-8
2.062738686800003e-8
1.502574235200882e-8
1.1484292149543762e-8
9.447973966598511e-9
8.204403519630432e-9
7.470497488975525e-9
7.019789516925811e-9
6.7091949284076685e-9
6.568706035614014e-9
6.5951511263847345e-9
6.716182082891464e-9
6.858823448419571e-9
7.0152990520000454e-9
7.11856335401535e-9
7.095802575349807e-9
7.1757979691028596e-9
7.4710875749588e-9
7.906613498926163e-9
8.612465113401412e-9
9.597369283437728e-9
1.0541741549968718e-8
1.2018249183893202e-8
1.4060959219932556e-8
1.530049741268158e-8
1.5729473531246184e-8
1.6219839453697204e-8
1.702973246574402e-8
1.828254014253616e-8
1.9746126234531403e-8
2.081494629383087e-8
2.0370054244995115e-8
1.8745140731334684e-8
1.7205429077148438e-8
1.5574893355369567e-8
1.4662404358386993e-8
1.3962802290916442e-8
1.3857387006282806e-8
1.393224149942398e-8
1.331537365913391e-8
1.3415011763572691e-8
1.4966975152492522e-8
1.7710065841674804e-8
2.1499779820442197e-8
2.6715773344039914e-8
3.339090347290039e-8
4.0180298686027524e-8
4.627750217914581e-8
5.0633132457733154e-8
5.2605766057968135e-8
5.20976185798645e-8
5.037276744842529e-8
4.777766466140747e-8
4.557872116565704e-8
4.55157071352005e-8
4.868102073669434e-8
5.0134980678558344e-8
5.5326634645462034e-8
6.120447516441345e-8
6.028701663017272e-8
6.225662231445312e-8
6.160776019096374e-8
5.8773010969161985e-8
5.571815371513367e-8
5.369746685028076e-8
5.4873788356781e-8
5.526173114776611e-8
5.3856730461120604e-8
5.3135377168655394e-8
5.1823300123214716e-8
4.974035620689392e-8
4.764655530452728e-8
4.554772973060608e-8
4.447735548019409e-8
4.515673518180847e-8
4.678744375705719e-8
4.827164113521576e-8
4.715381860733032e-8
4.3247780203819275e-8
3.835320472717285e-8
3.287354111671447e-8
2.9589420557022094e-8
2.7954226732254026e-8
9.360632859170437e-10
2.779559977352619e-9
4.556130617856979e-9
6.083652004599571e-9
7.559994608163834e-9
9.736204147338867e-9
1.357821375131607e-8
1.9652700424194336e-8
2.6448324322700498e-8
3.15802127122879e-8
3.4997281432151795e-8
3.6857670545578e-8
3.6066600680351256e-8
3.5925367474555966e-8
4.012488722801208e-8
4.6964812278747555e-8
5.013231635093689e-8
4.106485843658447e-8
2.8907048702239988e-8
2.0663461089134216e-8
1.499805748462677e-8
1.1387288570404052e-8
9.314937889575957e-9
8.069183677434922e-9
7.342266291379928e-9
6.8927668035030365e-9
6.576701998710632e-9
6.430456787347793e-9
6.4573034644126886e-9
6.589464098215103e-9
6.7545779049396515e-9
6.940300762653351e-9
7.0731744170188904e-9
7.073784619569778e-9
7.1678645908832544e-9
7.468309253454208e-9
7.900238037109375e-9
8.590877056121825e-9
9.548277407884598e-9
1.0458661615848542e-8
1.1900798976421356e-8
1.3918294012546539e-8
1.515999883413315e-8
1.5610067546367644e-8
1.6122666001319883e-8
1.695346087217331e-8
1.8217211961746214e-8
1.9649147987365723e-8
2.0616638660430906e-8
2.004628628492355e-8
1.835232675075531e-8
1.6811062395572662e-8
1.5227770805358885e-8
1.4356671273708342e-8
1.3680313527584076e-8
1.3553039729595184e-8
1.3564863801002502e-8
1.290959119796753e-8
1.3001544773578644e-8
1.4546006917953491e-8
1.7214587330818177e-8
2.081347703933716e-8
2.569809556007385e-8
3.1812214851379394e-8
3.7863039970397945e-8
4.333287477493286e-8
4.793910980224609e-8
5.091151595115662e-8
5.145557522773742e-8
5.031866431236267e-8
4.781211614608764e-8
4.552386403083801e-8
4.5470136404037475e-8
4.88518476486206e-8
5.051157474517822e-8
5.5786180496215814e-8
6.172690987586974e-8
6.077510118484497e-8
6.28162682056427e-8
6.22696578502655e-8
5.953903794288635e-8
5.6520831584930417e-8
5.449880957603454e-8
5.5739849805831904e-8
5.6223112344741817e-8
5.491535067558288e-8
5.432530641555786e-8
5.313643217086792e-8
5.119248628616333e-8
4.922461211681366e-8
4.712527692317962e-8
4.594720304012298e-8
4.649687707424164e-8
4.799111187458038e-8
4.93230402469635e-8
4.800041913986206e-8
4.388132393360138e-8
3.883883953094482e-8
3.3271169662475584e-8
2.9955682158470155e-8
2.8324127197265622e-8
9.895842522382735e-10
2.878630720078945e-9
4.594171047210693e-9
6.09573982656002e-9
7.66080468893051e-9
1.0054234415292739e-8
1.406959444284439e-8
2.0072951912879943e-8
2.6610589027404785e-8
3.1405651569366456e-8
3.4542080760002137e-8
3.67603600025177e-8
3.671953678131103e-8
3.5839030146598815e-8
3.959466516971588e-8
4.7615465521812436e-8
4.947397410869598e-8
4.02433305978775e-8
2.927126884460449e-8
2.068699151277542e-8
1.4894077181816101e-8
1.135263368487358e-8
9.201446920633315e-9
7.958634942770004e-9
7.223134487867355e-9
6.764747947454452e-9
6.512358039617538e-9
6.352200359106064e-9
6.349527090787888e-9
6.47590234875679e-9
6.638511270284652e-9
6.8204432725906366e-9
6.981365382671356e-9
7.040515542030334e-9
7.1611374616622924e-9
7.46614933013916e-9
7.94466957449913e-9
8.681158721446991e-9
9.467310458421706e-9
1.0198290646076202e-8
1.1785250902175903e-8
1.3819579780101776e-8
1.4878806471824645e-8
1.5446260571479797e-8
1.6103343665599822e-8
1.7172715067863462e-8
1.8396231532096862e-8
1.9602856040000913e-8
2.033177763223648e-8
1.9539304077625274e-8
1.793324202299118e-8
1.668592095375061e-8
1.5087141096591948e-8
1.4041808247566223e-8
1.3546586036682127e-8
1.3434791564941406e-8
1.318531334400177e-8
1.2569808959960938e-8
1.2769645452499389e-8
1.4176630973815917e-8
1.6585345566272736e-8
1.9614368677139282e-8
2.3832225799560546e-8
2.9526662826538084e-8
3.528963923454284e-8
4.0501281619071956e-8
4.512830972671509e-8
4.8660349845886226e-8
5.0180763006210325e-8
5.038255453109741e-8
4.8577058315277095e-8
4.6281993389129634e-8
4.5800203084945674e-8
4.837280809879303e-8
5.0466388463974e-8
5.671973824501037e-8
6.247147321701049e-8
6.117388010025024e-8
6.346237659454345e-8
6.328144669532776e-8
6.045060157775879e-8
5.738563537597656e-8
5.537858605384826e-8
5.666927099227905e-8
5.746279954910278e-8
5.608500242233276e-8
5.538816452026367e-8
5.435730218887329e-8
5.244218111038208e-8
5.046398639678955e-8
4.845612347126007e-8
4.739023149013519e-8
4.7839134931564326e-8
4.9054160714149474e-8
4.99957412481308e-8
4.850151538848877e-8
4.433964192867279e-8
3.916018307209015e-8
3.354091048240661e-8
3.0192789435386654e-8
2.859480082988739e-8
1.0568024590611458e-9
2.982894331216812e-9
4.644325375556946e-9
6.140069663524628e-9
7.835778594017028e-9
1.0466885566711425e-8
1.4614076912403106e-8
2.046511471271515e-8
2.663271129131317e-8
3.10240238904953e-8
3.397105634212494e-8
3.6722996830940244e-8
3.7441369891166685e-8
3.581929504871368e-8
3.923313617706299e-8
4.82495367527008e-8
4.868316054344177e-8
3.939009010791778e-8
2.9452198743820188e-8
2.074531316757202e-8
1.4808009564876555e-8
1.1305601894855498e-8
9.1159388422966e-9
7.85716101527214e-9
7.1102939546108245e-9
6.665077060461044e-9
6.465183198451995e-9
6.30011036992073e-9
6.263680011034012e-9
6.369238346815109e-9
6.5148547291755676e-9
6.686392426490783e-9
6.8741679191589355e-9
6.99203610420227e-9
7.149670273065567e-9
7.478660345077515e-9
8.018387854099274e-9
8.771467953920364e-9
9.369534254074096e-9
9.943222999572753e-9
1.1624012887477875e-8
1.3681557774543761e-8
1.4607968926429748e-8
1.52640163898468e-8
1.614282727241516e-8
1.7477069795131682e-8
1.8669451773166656e-8
1.9596384465694425e-8
2.001366913318634e-8
1.902013123035431e-8
1.754513680934906e-8
1.6606108844280244e-8
1.5022408962249755e-8
1.3834708929061888e-8
1.3446755707263946e-8
1.335676461458206e-8
1.289759874343872e-8
1.2273474782705307e-8
1.2571442127227782e-8
1.3845881819725036e-8
1.589115262031555e-8
1.8289151787757874e-8
2.1777805685997008e-8
2.6984047889709472e-8
3.2575190067291255e-8
3.769726157188415e-8
4.229756295681e-8
4.614210128784179e-8
4.846006631851196e-8
5.009612441062927e-8
4.93895024061203e-8
4.735597372055053e-8
4.642895758152008e-8
4.7996217012405395e-8
5.023714303970337e-8
5.75541615486145e-8
6.328778266906738e-8
6.167515516281128e-8
6.41831338405609e-8
6.439138650894165e-8
6.146018505096435e-8
5.83229660987854e-8
5.6320053339004513e-8
5.767724514007568e-8
5.879552364349365e-8
5.73178768157959e-8
5.645254254341125e-8
5.551086664199829e-8
5.357075929641723e-8
5.1550126075744626e-8
4.965802431106567e-8
4.87600177526474e-8
4.912734031677246e-8
5.001140236854553e-8
5.051038861274719e-8
4.8840692639350886e-8
4.466150104999542e-8
3.938958346843719e-8
3.3730298280715944e-8
3.035910725593567e-8
2.87927508354187e-8
1.114742737263441e-9
3.0613780021667477e-9
4.709328338503837e-9
6.234832108020782e-9
8.050289750099182e-9
1.0837801545858382e-8
1.5049582719802856e-8
2.0776402950286865e-8
2.6642432808876035e-8
3.072911500930786e-8
3.3639147877693176e-8
3.675394356250763e-8
3.775098323822021e-8
3.586291968822479e-8
3.917330503463745e-8
4.83427494764328e-8
4.814910888671875e-8
3.8903072476387024e-8
2.935381531715393e-8
2.0768836140632628e-8
1.4767579734325408e-8
1.1233717948198318e-8
9.034820646047591e-9
7.75722861289978e-9
7.008286565542221e-9
6.583943963050842e-9
6.4016811549663545e-9
6.237242370843887e-9
6.181694194674492e-9
6.265183538198471e-9
6.3959568738937375e-9
6.567577272653579e-9
6.778851896524429e-9
6.93679004907608e-9
7.1335002779960626e-9
7.501282542943955e-9
8.074215054512024e-9
8.796568214893341e-9
9.287936985492706e-9
9.778627008199692e-9
1.1442142724990844e-8
1.3495317101478577e-8
1.4410306513309478e-8
1.5121205151081084e-8
1.6176146268844604e-8
1.767575740814209e-8
1.8862578272819518e-8
1.9586291909217832e-8
1.974404156208038e-8
1.8621312081813813e-8
1.7217102646827698e-8
1.64261519908905e-8
1.4911992847919462e-8
1.3707609474658965e-8
1.3316050171852112e-8
1.3219949603080749e-8
1.2693282961845397e-8
1.2017606198787688e-8
1.2311244755983353e-8
1.3496267795562743e-8
1.524355560541153e-8
1.7174208164215087e-8
2.0087428390979765e-8
2.4739573895931244e-8
3.001222014427185e-8
3.500595390796661e-8
3.9585906267166134e-8
4.363793134689331e-8
4.655119776725769e-8
4.9221304059028626e-8
4.958698749542236e-8
4.810452461242676e-8
4.7093355655670166e-8
4.8121407628059385e-8
5.0188344717025754e-8
5.800402760505676e-8
6.398373246192932e-8
6.23045802116394e-8
6.494523286819458e-8
6.538076400756836e-8
6.245579719543457e-8
5.9288495779037474e-8
5.728698372840881e-8
5.8733218908309935e-8
6.005324125289917e-8
5.854660868644714e-8
5.760394930839538e-8
5.667811632156372e-8
5.472119450569153e-8
5.270019173622131e-8
5.088555812835693e-8
5.0069546699523925e-8
5.0352454185485835e-8
5.095727443695068e-8
5.111557841300964e-8
4.9247115850448605e-8
4.4978123903274536e-8
3.963459730148315e-8
3.392369151115417e-8
3.053753077983856e-8
2.898295521736145e-8
1.1631530709564686e-9
3.132866322994232e-9
4.790297150611877e-9
6.364035606384277e-9
8.27764794230461e-9
1.1170326173305512e-8
1.540977656841278e-8
2.1024824678897858e-8
2.6651546359062193e-8
3.052717745304108e-8
3.344292938709259e-8
3.6769899725914e-8
3.7905460596084596e-8
3.592379987239838e-8
3.916032314300537e-8
4.8250353336334226e-8
4.7751414775848386e-8
3.85456770658493e-8
2.9210779070854185e-8
2.073225528001785e-8
1.472656726837158e-8
1.1165598034858703e-8
8.949710428714752e-9
7.663314044475556e-9
6.9171853363513945e-9
6.5055809915065766e-9
6.33382648229599e-9
6.167812645435333e-9
6.098929047584534e-9
6.16474375128746e-9
6.2844835221767425e-9
6.459230184555053e-9
6.690333783626556e-9
6.881599873304367e-9
7.116469740867614e-9
7.520165294408799e-9
8.107669651508331e-9
8.797889202833175e-9
9.217450767755508e-9
9.645074605941773e-9
1.1269687861204146e-8
1.3305285573005676e-8
1.4235375821590424e-8
1.5012060105800627e-8
1.6192781925201414e-8
1.7810696363449095e-8
1.8991996347904206e-8
1.9563910365104675e-8
1.952352374792099e-8
1.8298052251338958e-8
1.6922567784786223e-8
1.6216163337230683e-8
1.4773464202880858e-8
1.3587564229965209e-8
1.3187123835086822e-8
1.3069915771484375e-8
1.25072181224823e-8
1.1793521046638488e-8
1.2042394280433654e-8
1.312808096408844e-8
1.4644597470760345e-8
1.6213102638721467e-8
1.8660135567188263e-8
2.278381139039993e-8
2.7659100294113158e-8
3.245433270931244e-8
3.6983591318130495e-8
4.1165992617607116e-8
4.4518417119979854e-8
4.7952440381050106e-8
4.926224946975708e-8
4.8463925719261166e-8
4.765153527259827e-8
4.846679270267486e-8
5.0338125228881836e-8
5.834556818008423e-8
6.456807851791381e-8
6.294091939926148e-8
6.572542190551757e-8
6.631690859794616e-8
6.343013048171997e-8
6.02624237537384e-8
5.827310085296631e-8
5.981585383415222e-8
6.12824261188507e-8
5.977492928504944e-8
5.880205035209656e-8
5.7873892784118647e-8
5.590293407440185e-8
5.389286875724792e-8
5.2127009630203247e-8
5.1343834400176997e-8
5.1536440849304194e-8
5.190332531929016e-8
5.177817940711975e-8
4.9703276157379146e-8
4.531176686286926e-8
3.988975286483764e-8
3.4125810861587524e-8
3.0720695853233334e-8
2.9170632362365723e-8
1.201179064810276e-9
3.1967289745807647e-9
4.8811398446559905e-9
6.513662636280059e-9
8.521834015846253e-9
1.15038201212883e-8
1.574096977710724e-8
2.1177701652050016e-8
2.6526153087615964e-8
3.0197435617446896e-8
3.307701349258423e-8
3.6706623435020446e-8
3.824089467525482e-8
3.614753484725952e-8
3.93252432346344e-8
4.826322793960571e-8
4.73165363073349e-8
3.8228482007980345e-8
2.9001289606094358e-8
2.063712775707245e-8
1.4691409468650816e-8
1.110234260559082e-8
8.884321153163909e-9
7.585607469081878e-9
6.841491162776947e-9
6.4466059207916254e-9
6.270283460617065e-9
6.100662052631378e-9
6.016688793897628e-9
6.063158065080643e-9
6.176478415727615e-9
6.35378360748291e-9
6.6041514277458184e-9
6.83070495724678e-9
7.102753221988677e-9
7.539625465869904e-9
8.131984621286393e-9
8.77745822072029e-9
9.14120003581047e-9
9.53707918524742e-9
1.1116444319486618e-8
1.3115067780017853e-8
1.4068371057510375e-8
1.4942365884780884e-8
1.6230328381061554e-8
1.79343044757843e-8
1.9117259979248045e-8
1.9520151615142822e-8
1.92685067653656e-8
1.796591281890869e-8
1.6649553179740904e-8
1.600792557001114e-8
1.4628101885318755e-8
1.3464370369911194e-8
1.3081683218479156e-8
1.2912170588970183e-8
1.230126917362213e-8
1.156657189130783e-8
1.174730509519577e-8
1.2718470394611358e-8
1.4041808247566223e-8
1.536010056734085e-8
1.741073876619339e-8
2.0952270925045014e-8
2.535441219806671e-8
2.995228767395019e-8
3.45515102148056e-8
3.8812437653541566e-8
4.2509633302688594e-8
4.65971440076828e-8
4.866880178451538e-8
4.851386547088623e-8
4.800604879856109e-8
4.880076944828033e-8
5.056418180465698e-8
5.8685815334320064e-8
6.5082186460495e-8
6.35534405708313e-8
6.65421187877655e-8
6.72985553741455e-8
6.442049145698547e-8
6.123770475387573e-8
5.928826928138733e-8
6.09325647354126e-8
6.249035000801087e-8
6.099453568458557e-8
6.000024676322937e-8
5.905255079269409e-8
5.707963705062866e-8
5.51176905632019e-8
5.341309309005737e-8
5.2610373497009276e-8
5.264704227447509e-8
5.2757561206817623e-8
5.234668254852295e-8
5.0090229511260985e-8
4.5643964409828186e-8
4.017955362796783e-8
3.4382161498069764e-8
3.093162178993225e-8
2.9353722929954528e-8
1.2104403227567671e-9
3.212514892220497e-9
4.94316890835762e-9
6.678695231676102e-9
8.878565579652786e-9
1.2050873041152954e-8
1.6192133724689483e-8
2.092519700527191e-8
2.5434300303459166e-8
2.857491075992584e-8
3.113987445831299e-8
3.6054348945617674e-8
4.017696976661682e-8
3.7563049793243406e-8
4.081387817859649e-8
4.936493039131164e-8
4.625951051712036e-8
3.7730392813682554e-8
2.8427061438560483e-8
2.034216821193695e-8
1.4753730595111847e-8
1.1084569990634917e-8
8.941103518009185e-9
7.590235769748688e-9
6.837119162082672e-9
6.504059582948684e-9
6.257478892803192e-9
6.070604547858238e-9
5.9420693665742876e-9
5.934871733188629e-9
6.049159169197082e-9
6.22127391397953e-9
6.501352041959763e-9
6.79723247885704e-9
7.120896875858307e-9
7.612045854330062e-9
8.18789005279541e-9
8.68779793381691e-9
8.997093141078948e-9
9.494254738092422e-9
1.1014808714389801e-8
1.2882451713085174e-8
1.3867481052875518e-8
1.5043246746063232e-8
1.649167388677597e-8
1.8270184099674225e-8
1.9487595558166504e-8
1.9376353919506073e-8
1.857416331768036e-8
1.727055311203003e-8
1.6344641149044036e-8
1.5859307348728178e-8
1.4543348550796508e-8
1.3363131880760192e-8
1.3124324381351471e-8
1.2704581022262573e-8
1.1917013674974441e-8
1.121176928281784e-8
1.1249110847711562e-8
1.2045596539974212e-8
1.3198328018188476e-8
1.452890932559967e-8
1.6180157661437987e-8
1.860208809375763e-8
2.2190552949905396e-8
2.682651579380035e-8
3.2508841156959535e-8
3.69256317615509e-8
4.1087645292282105e-8
4.629568755626678e-8
4.8753651976585385e-8
4.8783221840858456e-8
4.813980162143707e-8
4.8716589808464047e-8
5.0463932752609254e-8
5.8984136581420896e-8
6.549410820007324e-8
6.416468024253844e-8
6.763602495193481e-8
6.878427863121032e-8
6.564493179321289e-8
6.223818063735961e-8
6.04325532913208e-8
6.21791422367096e-8
6.361316442489624e-8
6.212852001190185e-8
6.100749969482422e-8
5.992858409881592e-8
5.802244544029235e-8
5.636213421821594e-8
5.494086742401123e-8
5.394554734230041e-8
5.3399801254272456e-8
5.294703841209411e-8
5.202927589416504e-8
4.975849986076355e-8
4.581048786640167e-8
4.062258899211883e-8
3.496126532554626e-8
3.1307762861251826e-8
2.9519641399383542e-8
1.2188236229121685e-9
3.2432246953248977e-9
5.0298005342483515e-9
6.879822909832e-9
9.234751015901566e-9
1.2490487098693847e-8
1.642102301120758e-8
2.061098963022232e-8
2.446983605623245e-8
2.716076374053955e-8
2.977268099784851e-8
3.562783598899841e-8
4.129569232463836e-8
3.894522488117218e-8
4.2103430628776546e-8
5.0052034854888915e-8
4.5848354697227476e-8
3.714257478713989e-8
2.7996402978897095e-8
2.0112788677215575e-8
1.4693252742290496e-8
1.1113517731428146e-8
8.95639955997467e-9
7.605603337287902e-9
6.858682632446289e-9
6.516880542039871e-9
6.256937235593795e-9
6.028604507446288e-9
5.8619495481252666e-9
5.8259297162294386e-9
5.9238519519567484e-9
6.104113534092903e-9
6.413399428129196e-9
6.75806775689125e-9
7.137944549322128e-9
7.65932947397232e-9
8.202221989631653e-9
8.629697561264038e-9
8.904499560594559e-9
9.404368698596954e-9
1.0897728055715561e-8
1.2705823779106139e-8
1.3746571540832518e-8
1.508922129869461e-8
1.6714446246623992e-8
1.8583497405052186e-8
1.9685508310794828e-8
1.921875774860382e-8
1.807045191526413e-8
1.672769337892532e-8
1.597563624382019e-8
1.5668347477912903e-8
1.4430779218673706e-8
1.3301055133342743e-8
1.304977387189865e-8
1.2546190619468688e-8
1.162218078970909e-8
1.0843173414468764e-8
1.0805688053369522e-8
1.1451897770166397e-8
1.2464340031147002e-8
1.365867406129837e-8
1.505017876625061e-8
1.687084436416626e-8
1.969800591468811e-8
2.3959769308567045e-8
2.990657091140747e-8
3.4918546676635744e-8
3.9518189430236814e-8
4.543313682079315e-8
4.854379296302795e-8
4.8893156647682185e-8
4.827813804149627e-8
4.874145686626434e-8
5.0442391633987424e-8
5.917373299598694e-8
6.587561964988708e-8
6.476026177406311e-8
6.863812804222107e-8
7.010766267776489e-8
6.688526272773743e-8
6.334635615348815e-8
6.157156229019165e-8
6.339664459228516e-8
6.479097604751587e-8
6.326571702957153e-8
6.204439997673034e-8
6.088911890983581e-8
5.904343128204345e-8
5.759744644165039e-8
5.633983016014099e-8
5.5175518989562985e-8
5.416195392608642e-8
5.3194999694824214e-8
5.1882845163345336e-8
4.959194958209991e-8
4.5941549539566036e-8
4.1012361645698546e-8
3.542348444461822e-8
3.167459368705749e-8
2.9749310016632078e-8
1.228813175112009e-9
3.2872207462787626e-9
5.1415883004665374e-9
7.098999619483948e-9
9.563440829515456e-9
1.282011866569519e-8
1.6519755125045776e-8
2.0255734026432038e-8
2.3601868748664853e-8
2.598859965801239e-8
2.8749221563339232e-8
3.5296359658241273e-8
4.2068770527839656e-8
4.009289145469665e-8
4.317963719367981e-8
5.062358379364013e-8
4.566046297550201e-8
3.66830050945282e-8
2.7618515491485595e-8
1.990288347005844e-8
1.4623384177684783e-8
1.1111832410097122e-8
8.974338322877884e-9
7.622978836297989e-9
6.874798238277435e-9
6.526517122983932e-9
6.24377466738224e-9
5.983940884470939e-9
5.783698335289955e-9
5.722730606794357e-9
5.809863284230232e-9
5.997651442885399e-9
6.333575397729873e-9
6.7211247980594636e-9
7.145031541585922e-9
7.68483430147171e-9
8.203711360692977e-9
8.584845811128616e-9
8.826079219579695e-9
9.309824556112289e-9
1.0776055604219436e-8
1.256616562604904e-8
1.3658347725868225e-8
1.5128639340400694e-8
1.6898699104785918e-8
1.8827591836452484e-8
1.9805678725242615e-8
1.906394064426422e-8
1.7677369713783265e-8
1.6278138756752013e-8
1.561688780784607e-8
1.543682962656021e-8
1.4302612841129302e-8
1.321694403886795e-8
1.2956087291240692e-8
1.2386576086282729e-8
1.1373943090438843e-8
1.0512641072273254e-8
1.0392206162214278e-8
1.0925812274217605e-8
1.1800474673509598e-8
1.2845946848392485e-8
1.4018189907073974e-8
1.5461525321006773e-8
1.7734569311141967e-8
2.148820012807846e-8
2.725599706172943e-8
3.263493776321411e-8
3.77472847700119e-8
4.4218832254409787e-8
4.79768693447113e-8
4.8781475424766536e-8
4.8344567418098445e-8
4.88043874502182e-8
5.0480377674102784e-8
5.933268666267395e-8
6.622325778007507e-8
6.53162658214569e-8
6.956384778022766e-8
7.131984233856201e-8
6.810809969902038e-8
6.450310945510864e-8
6.272473335266113e-8
6.461238265037537e-8
6.599934101104736e-8
6.441824436187744e-8
6.311749815940857e-8
6.191478371620178e-8
6.011875867843627e-8
5.8822560310363766e-8
5.765401721000671e-8
5.633001923561096e-8
5.492184162139892e-8
5.350609421730041e-8
5.1869404315948487e-8
4.953804910182953e-8
4.607725739479065e-8
4.1347360610961915e-8
3.5820752382278444e-8
3.202337622642517e-8
3.001911044120788e-8
1.2417386285960673e-9
3.344899043440819e-9
5.2717152982950205e-9
7.3211304843425745e-9
9.850238263607025e-9
1.3060502707958221e-8
1.6528819501399992e-8
1.9880419969558716e-8
2.282857745885849e-8
2.5022318959236145e-8
2.7950498461723326e-8
3.502757847309113e-8
4.264146685600281e-8
4.101573526859283e-8
4.407352805137634e-8
5.1136881113052364e-8
4.5588085055351256e-8
3.633877038955688e-8
2.7295920252799987e-8
1.971016824245453e-8
1.4544297754764556e-8
1.1098750680685042e-8
8.985884487628936e-9
7.639474421739578e-9
6.888297945261001e-9
6.528791785240173e-9
6.224545463919639e-9
5.935650691390037e-9
5.707422271370888e-9
5.625921487808227e-9
5.704983323812484e-9
5.900838226079941e-9
6.260561943054199e-9
6.684382259845733e-9
7.142667472362518e-9
7.695631682872772e-9
8.197763562202453e-9
8.544713258743286e-9
8.755364269018173e-9
9.217149764299392e-9
1.0661427676677703e-8
1.2447904795408249e-8
1.359165608882904e-8
1.516508013010025e-8
1.704699695110321e-8
1.9011136889457702e-8
1.9876301288604734e-8
1.8920284509658812e-8
1.73531100153923e-8
1.589682400226593e-8
1.5280193090438843e-8
1.5190029144287108e-8
1.415056437253952e-8
1.311456561088562e-8
1.2847432494163513e-8
1.2230657786130905e-8
1.115051507949829e-8
1.0218816250562667e-8
1.0016806423664093e-8
1.0448469966650008e-8
1.1200932413339615e-8
1.2102680653333663e-8
1.3090480864048004e-8
1.4261695742607117e-8
1.613226532936096e-8
1.9406470656394957e-8
2.4783970415592192e-8
3.0240550637245175e-8
3.575274646282196e-8
4.271002113819122e-8
4.708064496517181e-8
4.8410287499427795e-8
4.827515482902527e-8
4.8841720819473266e-8
5.054417848587036e-8
5.948880314826965e-8
6.654676795005798e-8
6.583058834075928e-8
7.042216062545776e-8
7.244603037834167e-8
6.92987322807312e-8
6.567580103874206e-8
6.389235258102416e-8
6.583780646324157e-8
6.723105311393737e-8
6.559175252914428e-8
6.42274796962738e-8
6.299274563789367e-8
6.12338125705719e-8
6.003958582878112e-8
5.891044735908508e-8
5.7430601119995116e-8
5.5679720640182495e-8
5.387495160102844e-8
5.1959842443466183e-8
4.956966042518616e-8
4.622838795185089e-8
4.164552688598633e-8
3.6173960566520686e-8
3.235652446746826e-8
3.031145930290222e-8
1.268736645579338e-9
3.4637294709682462e-9
5.474377050995826e-9
7.646945118904114e-9
1.0274522751569748e-8
1.3233506679534911e-8
1.610056012868881e-8
1.8930029869079588e-8
2.1749618649482725e-8
2.4138785898685453e-8
2.7785849571228028e-8
3.5081779956817624e-8
4.247923493385315e-8
4.241545498371124e-8
4.5644852519035335e-8
5.1122373342514034e-8
4.515025317668915e-8
3.578968048095703e-8
2.6960963010787964e-8
1.9801141321659086e-8
1.4658819139003752e-8
1.1176855117082595e-8
9.03717502951622e-9
7.718333601951599e-9
6.937254965305328e-9
6.484881788492202e-9
6.136360019445419e-9
5.852893367409706e-9
5.629489943385124e-9
5.552322044968604e-9
5.642227455973625e-9
5.849304422736168e-9
6.205859780311584e-9
6.611779332160949e-9
7.06891193985939e-9
7.607939839363098e-9
8.14925506711006e-9
8.512675017118454e-9
8.68714228272438e-9
9.257741272449494e-9
1.07131689786911e-8
1.2369446456432342e-8
1.3677206635475158e-8
1.5382960438728332e-8
1.732126176357269e-8
1.898493021726608e-8
1.9527631998062134e-8
1.8534235656261442e-8
1.6923676431179047e-8
1.567079275846481e-8
1.5072132647037507e-8
1.4913953840732573e-8
1.3903377950191497e-8
1.3031013309955597e-8
1.260465681552887e-8
1.1958464980125427e-8
1.1111498624086379e-8
1.0080926120281219e-8
9.70771387219429e-9
9.966322779655456e-9
1.059892624616623e-8
1.1447314172983169e-8
1.2374988198280334e-8
1.346210092306137e-8
1.5112149715423583e-8
1.8224135041236878e-8
2.2839757800102233e-8
2.7953803539276122e-8
3.376454412937164e-8
4.0659296512603755e-8
4.539017677307129e-8
4.722012877464294e-8
4.777538180351257e-8
4.873847961425781e-8
5.083951354026794e-8
5.993653535842895e-8
6.668115258216857e-8
6.625090837478638e-8
7.14594841003418e-8
7.355216741561889e-8
7.035934329032898e-8
6.685079336166381e-8
6.556888222694397e-8
6.733248829841613e-8
6.804280877113342e-8
6.646279096603393e-8
6.514329314231872e-8
6.395713090896607e-8
6.22544765472412e-8
6.116525530815124e-8
6.00202739238739e-8
5.834410190582275e-8
5.628564953804016e-8
5.3972744941711425e-8
5.154180526733398e-8
4.928769171237945e-8
4.6445658802986143e-8
4.220827221870422e-8
3.698267936706543e-8
3.308131396770477e-8
3.078599870204926e-8
1.3103721663355827e-9
3.617182746529579e-9
5.736474320292472e-9
8.037489652633666e-9
1.067613661289215e-8
1.3248977065086363e-8
1.546705812215805e-8
1.782081574201584e-8
2.0595531165599822e-8
2.3356206715106964e-8
2.7757024765014647e-8
3.517996072769165e-8
4.237484633922577e-8
4.379376173019409e-8
4.717618525028228e-8
5.103926062583923e-8
4.457800984382629e-8
3.520328104496002e-8
2.6690953969955443e-8
1.994977742433548e-8
1.4867807924747467e-8
1.1312639713287352e-8
9.13381353020668e-9
7.816741615533828e-9
6.979394704103469e-9
6.423874944448471e-9
6.0262639075517655e-9
5.7528894394636155e-9
5.551443621516228e-9
5.493379756808281e-9
5.601632222533226e-9
5.81621341407299e-9
6.154206767678261e-9
6.524372845888137e-9
6.955133378505706e-9
7.48579055070877e-9
8.07059034705162e-9
8.468231558799743e-9
8.661896735429764e-9
9.342075884342194e-9
1.0817733407020569e-8
1.2397976219654083e-8
1.3834910094738005e-8
1.5681667625904082e-8
1.757168024778366e-8
1.8844638764858246e-8
1.9038984179496764e-8
1.801283210515976e-8
1.649051457643509e-8
1.5457652509212494e-8
1.4903481304645536e-8
1.4655147492885589e-8
1.3647928833961486e-8
1.2878237664699554e-8
1.2343069165945053e-8
1.1685455590486526e-8
1.1058667302131652e-8
1.0025538504123687e-8
9.474745392799377e-9
9.540186077356339e-9
1.0039690136909485e-8
1.0843177884817123e-8
1.1766978353261946e-8
1.2842224538326263e-8
1.4403933286666869e-8
1.7371776700019834e-8
2.1402804553508757e-8
2.5978672504425046e-8
3.176474869251251e-8
3.8455685973167415e-8
4.331181943416595e-8
4.555460214614868e-8
4.6847590804100035e-8
4.840155243873596e-8
5.106877088546753e-8
6.044531464576721e-8
6.685647964477539e-8
6.665889024734496e-8
7.248536944389343e-8
7.46251106262207e-8
7.140952348709107e-8
6.807027459144592e-8
6.737220883369446e-8
6.890353560447692e-8
6.880145072937012e-8
6.72095775604248e-8
6.593289375305175e-8
6.483864188194275e-8
6.321144700050354e-8
6.221482157707214e-8
6.10264539718628e-8
5.913933515548706e-8
5.6760662794113154e-8
5.391632318496704e-8
5.0980782508850095e-8
4.88985151052475e-8
4.66476172208786e-8
4.288786947727203e-8
3.797080814838409e-8
3.400418162345886e-8
3.144033551216125e-8
1.3600793667137622e-9
3.779738396406173e-9
6.014526262879372e-9
8.388061076402663e-9
1.0920549929141998e-8
1.3134850561618805e-8
1.4891618490219115e-8
1.691649556159973e-8
1.9630204141139985e-8
2.2681577503681182e-8
2.7520877122879026e-8
3.520021736621856e-8
4.26628977060318e-8
4.4777628779411316e-8
4.8180946707725524e-8
5.11684238910675e-8
4.417826235294342e-8
3.4771138429641725e-8
2.6499247550964354e-8
2.0009183883666993e-8
1.5028601884841918e-8
1.1450401693582535e-8
9.24142450094223e-9
7.891645282506943e-9
6.99443519115448e-9
6.37163370847702e-9
5.9358123689889905e-9
5.660726875066757e-9
5.476142838597298e-9
5.4367024451494216e-9
5.5586036294698716e-9
5.774636194109917e-9
6.09675645828247e-9
6.441270560026168e-9
6.850173324346542e-9
7.382228970527649e-9
7.988528907299042e-9
8.41851383447647e-9
8.66253301501274e-9
9.393409639596939e-9
1.0894078761339186e-8
1.2492451816797256e-8
1.3992565870285034e-8
1.591375172138214e-8
1.7710086703300474e-8
1.871218979358673e-8
1.8653137981891633e-8
1.754940003156662e-8
1.6112056374549866e-8
1.5193191170692442e-8
1.469588130712509e-8
1.442803293466568e-8
1.3425064086914062e-8
1.2668536603450775e-8
1.2125163525342941e-8
1.147480309009552e-8
1.091707944869995e-8
9.93371307849884e-9
9.29410457611084e-9
9.203456342220306e-9
9.565044939517974e-9
1.0283205658197403e-8
1.1175693571567534e-8
1.2229771912097931e-8
1.3731582462787627e-8
1.650620549917221e-8
2.019226551055908e-8
2.4318203330039977e-8
2.980234026908874e-8
3.633278310298919e-8
4.124699831008911e-8
4.381763637065887e-8
4.566472172737121e-8
4.780495762825012e-8
5.1004850864410395e-8
6.07658863067627e-8
6.715590357780456e-8
6.71073019504547e-8
7.336360812187195e-8
7.564228773117065e-8
7.251186370849609e-8
6.93204641342163e-8
6.896445155143738e-8
7.038850784301757e-8
6.97887122631073e-8
6.806424260139465e-8
6.67470097541809e-8
6.572355031967163e-8
6.41668438911438e-8
6.323399543762206e-8
6.199473142623901e-8
5.990592241287232e-8
5.719587802886963e-8
5.3907001018524165e-8
5.063895583152771e-8
4.8650717735290524e-8
4.6818089485168456e-8
4.3495011329650877e-8
3.8827919960021974e-8
3.486742377281189e-8
3.217590153217315e-8
1.416135299950838e-9
3.9534576237201686e-9
6.284087896347046e-9
8.670856058597565e-9
1.1054130643606185e-8
1.2954972684383391e-8
1.4367714524269104e-8
1.615450233221054e-8
1.8819105625152586e-8
2.206510305404663e-8
2.7216050028800963e-8
3.5201206803321837e-8
4.303322434425354e-8
4.553883373737335e-8
4.8914140462875364e-8
5.135339498519897e-8
4.392757415771484e-8
3.445836901664734e-8
2.634659111499786e-8
2.0039695501327512e-8
1.515122205018997e-8
1.158027946949005e-8
9.343307465314864e-9
7.950951904058457e-9
6.998135149478912e-9
6.322835385799408e-9
5.856943875551224e-9
5.57742640376091e-9
5.404768139123917e-9
5.380705371499061e-9
5.512486025691032e-9
5.727565288543701e-9
6.036227568984032e-9
6.360722333192825e-9
6.755188852548599e-9
7.287056744098663e-9
7.90986567735672e-9
8.373399078845977e-9
8.661264181137085e-9
9.43368449807167e-9
1.0967939347028732e-8
1.2601238489151e-8
1.4149466156959532e-8
1.6089577972888945e-8
1.778920590877533e-8
1.8581655621528626e-8
1.8325689435005187e-8
1.7150402069091796e-8
1.5757852792739866e-8
1.4916041493415832e-8
1.4467103779315948e-8
1.4208108186721801e-8
1.3210584223270415e-8
1.2458740919828414e-8
1.191762089729309e-8
1.1283390969038009e-8
1.076020523905754e-8
9.805882722139358e-9
9.131255745887756e-9
8.932159841060638e-9
9.166494756937027e-9
9.782364219427109e-9
1.061488464474678e-8
1.1633992195129394e-8
1.307600438594818e-8
1.5687496960163117e-8
1.9093376398086548e-8
2.2875641286373138e-8
2.8001409769058226e-8
3.428927063941956e-8
3.921045064926147e-8
4.203417301177978e-8
4.431280791759491e-8
4.69729870557785e-8
5.068709850311279e-8
6.088588237762451e-8
6.744751334190369e-8
6.755973696708679e-8
7.41636037826538e-8
7.661508321762084e-8
7.361790537834167e-8
7.056569457054138e-8
7.043750882148743e-8
7.182267308235168e-8
7.090042233467102e-8
6.900851726531982e-8
6.760962009429931e-8
6.662328839302063e-8
6.511883735656738e-8
6.422852277755737e-8
6.293014287948608e-8
6.064461469650269e-8
5.7617926597595214e-8
5.395742058753967e-8
5.0446295738220215e-8
4.851293265819549e-8
4.699187576770782e-8
4.40374493598938e-8
3.959563076496124e-8
3.5685566067695614e-8
3.295099139213562e-8
1.4795057475566864e-9
4.136984050273895e-9
6.5280638635158536e-9
8.877933770418167e-9
1.1072009801864624e-8
1.270291805267334e-8
1.389632374048233e-8
1.5526774525642394e-8
1.8131932616233825e-8
2.1586303412914274e-8
2.7081844210624692e-8
3.538400828838348e-8
4.319179058074951e-8
4.5946213603019714e-8
4.955137968063354e-8
5.1429641246795655e-8
4.369994699954986e-8
3.427622616291046e-8
2.6297032833099365e-8
2.007820755243301e-8
1.5242974460124968e-8
1.170121356844902e-8
9.431378543376923e-9
7.984670251607895e-9
6.985668092966079e-9
6.274077296257019e-9
5.787831917405128e-9
5.505023896694183e-9
5.33984899520874e-9
5.325162038207054e-9
5.46298362314701e-9
5.676748976111411e-9
5.9728082269430154e-9
6.284359097480774e-9
6.671915948390961e-9
7.212281972169876e-9
7.847844064235687e-9
8.3207368850708e-9
8.63977000117302e-9
9.44571942090988e-9
1.1010992527008057e-8
1.2755191326141356e-8
1.436598002910614e-8
1.6229310631752015e-8
1.782745122909546e-8
1.8415053188800812e-8
1.797401010990143e-8
1.6786149144172667e-8
1.5471382439136505e-8
1.4666515588760375e-8
1.4213067293167114e-8
1.3950231671333312e-8
1.2971915304660797e-8
1.2250618636608123e-8
1.1719034612178802e-8
1.1107296496629714e-8
1.0622133314609527e-8
9.673601388931274e-9
8.980480581521987e-9
8.72543528676033e-9
8.853561431169509e-9
9.364569932222366e-9
1.012398675084114e-8
1.1097262054681778e-8
1.2473748624324798e-8
1.4891216158866881e-8
1.8018999695777894e-8
2.155151069164276e-8
2.6364028453826902e-8
3.237122893333435e-8
3.724382221698761e-8
4.022478759288788e-8
4.284737110137939e-8
4.5977786183357236e-8
5.020980834960937e-8
6.083046793937683e-8
6.764125227928162e-8
6.800030469894409e-8
7.492522001266479e-8
7.750971317291259e-8
7.468562126159668e-8
7.186226844787597e-8
7.186282277107239e-8
7.314394116401671e-8
7.201443910598754e-8
6.995931863784789e-8
6.849864721298217e-8
6.755516529083252e-8
6.608552932739258e-8
6.518999338150024e-8
6.378675103187561e-8
6.128803491592407e-8
5.7947212457656855e-8
5.3992384672164916e-8
5.0344681739807125e-8
4.8485311865806576e-8
4.719629287719726e-8
4.458855092525482e-8
4.036153256893158e-8
3.64759236574173e-8
3.374160528182983e-8
1.5608987770974636e-9
4.360077157616615e-9
6.7365348339080805e-9
8.94884243607521e-9
1.0792452096939086e-8
1.2192724645137786e-8
1.3504229485988616e-8
1.5147934854030607e-8
1.7617616057395935e-8
2.1735714375972748e-8
2.8244745731353757e-8
3.6799603700637816e-8
4.203546047210693e-8
4.4844454526901246e-8
5.041586756706237e-8
5.0705391168594356e-8
4.29907351732254e-8
3.4412497282028196e-8
2.673757970333099e-8
2.026131898164749e-8
1.527750939130783e-8
1.1842919141054153e-8
9.48018580675125e-9
7.913161814212799e-9
6.902431696653366e-9
6.209073588252067e-9
5.736275762319564e-9
5.461429059505463e-9
5.29482290148735e-9
5.271610617637634e-9
5.407292395830154e-9
5.622835829854011e-9
5.9023931622505185e-9
6.218564882874489e-9
6.6294372081756585e-9
7.232823967933655e-9
7.862431555986404e-9
8.205967396497726e-9
8.493928611278533e-9
9.295297414064407e-9
1.0863704979419707e-8
1.3184688985347747e-8
1.5052075684070587e-8
1.636383384466171e-8
1.7805366218090057e-8
1.7987121641635895e-8
1.723559945821762e-8
1.636534035205841e-8
1.5487655997276305e-8
1.4611364901065825e-8
1.3854964077472686e-8
1.345471441745758e-8
1.2540189921855926e-8
1.2014731019735336e-8
1.1531148850917816e-8
1.098925471305847e-8
1.0639896988868713e-8
9.608878940343856e-9
8.897914737462997e-9
8.695510029792786e-9
8.733096718788146e-9
9.14718210697174e-9
9.858110547065735e-9
1.0818031430244446e-8
1.2095598131418228e-8
1.4031615853309631e-8
1.6626186668872834e-8
2.0129308104515074e-8
2.483825385570526e-8
3.0646798014640804e-8
3.548433184623718e-8
3.840838372707367e-8
4.132904410362244e-8
4.503781795501709e-8
4.997013509273529e-8
6.079919934272766e-8
6.76371157169342e-8
6.853572726249694e-8
7.575035095214844e-8
7.810953855514526e-8
7.559956312179565e-8
7.362344264984131e-8
7.340005040168762e-8
7.390056848526e-8
7.267502546310424e-8
7.051212191581726e-8
6.924147009849548e-8
6.85698390007019e-8
6.715006828308106e-8
6.603755354881286e-8
6.426360011100768e-8
6.14050030708313e-8
5.7641535997390747e-8
5.357640385627746e-8
5.0187432765960694e-8
4.8668271303176875e-8
4.752154946327209e-8
4.5474630594253537e-8
4.1511833667755126e-8
3.73100996017456e-8
3.454674780368805e-8
1.6455916687846182e-9
4.540386423468589e-9
6.887843459844589e-9
8.921957015991211e-9
1.053379476070404e-8
1.1806721985340118e-8
1.310606151819229e-8
1.4756548404693602e-8
1.7355142533779144e-8
2.1936796605587004e-8
2.90772408246994e-8
3.7496733665466306e-8
4.155207872390747e-8
4.429235160350799e-8
5.0501316785812375e-8
5.024776458740234e-8
4.256634712219238e-8
3.445623517036438e-8
2.699887156486511e-8
2.0449911057949067e-8
1.5392254292964935e-8
1.191997081041336e-8
9.503358602523803e-9
7.868821173906326e-9
6.831301003694534e-9
6.145643815398216e-9
5.6848321110010145e-9
5.415425449609756e-9
5.247651785612106e-9
5.2207894623279565e-9
5.353792384266853e-9
5.56369200348854e-9
5.8398656547069545e-9
6.16067536175251e-9
6.600343436002731e-9
7.229684293270111e-9
7.836001366376877e-9
8.12382474541664e-9
8.364377170801162e-9
9.160257130861281e-9
1.0880128294229507e-8
1.3498543202877044e-8
1.5485961735248565e-8
1.6604316234588623e-8
1.770704835653305e-8
1.7593677341938017e-8
1.671605110168457e-8
1.5995778143405912e-8
1.533914804458618e-8
1.4481854438781738e-8
1.356874108314514e-8
1.304175704717636e-8
1.2158282846212387e-8
1.1725910753011702e-8
1.134210154414177e-8
1.0871989279985427e-8
1.0580528527498246e-8
9.575811773538589e-9
8.836329728364944e-9
8.625584095716475e-9
8.64127203822136e-9
8.974306285381316e-9
9.617669135332108e-9
1.0526707768440246e-8
1.1688032001256943e-8
1.3344861567020415e-8
1.5541937947273252e-8
1.8759746849536895e-8
2.3339854180812833e-8
2.8984108567237852e-8
3.3740824460983276e-8
3.669715225696563e-8
3.9803171157836914e-8
4.392135143280029e-8
4.940921366214752e-8
6.06122076511383e-8
6.766050457954406e-8
6.893689036369324e-8
7.644873261451721e-8
7.881088852882385e-8
7.657342553138732e-8
7.511154413223266e-8
7.479664087295531e-8
7.483947277069092e-8
7.344359159469604e-8
7.114623188972473e-8
7.000341415405273e-8
6.951927542686462e-8
6.813455820083618e-8
6.6852867603302e-8
6.475666165351868e-8
6.154733896255492e-8
5.744960308074951e-8
5.328550338745117e-8
5.005359649658203e-8
4.879997074604034e-8
4.7916311025619504e-8
4.62674081325531e-8
4.2500433325767514e-8
3.820748329162598e-8
3.537966310977936e-8
1.7250500619411468e-9
4.6860281378030776e-9
6.972534954547882e-9
8.854767680168152e-9
1.029975414276123e-8
1.1469228565692901e-8
1.2736177444458008e-8
1.4426830410957335e-8
1.7198047041893003e-8
2.2139663994312287e-8
2.9639822244644164e-8
3.7924560904502865e-8
4.136715531349182e-8
4.396660029888153e-8
5.033116340637207e-8
4.9892437458038325e-8
4.229013919830322e-8
3.446308076381683e-8
2.7174240350723266e-8
2.0625323057174682e-8
1.5510357916355132e-8
1.198524758219719e-8
9.512826055288315e-9
7.831677794456482e-9
6.7714698612689966e-9
6.085914000868797e-9
5.632976815104484e-9
5.367889627814293e-9
5.200141668319702e-9
5.171047523617744e-9
5.300009995698928e-9
5.5061586201190946e-9
5.781158432364464e-9
6.111970916390419e-9
6.570726633071899e-9
7.209787517786026e-9
7.798087596893311e-9
8.045803755521774e-9
8.255257457494735e-9
9.078302979469299e-9
1.0929828137159348e-8
1.3750095665454864e-8
1.5821896493434905e-8
1.679019033908844e-8
1.7615622282028198e-8
1.7258743941783906e-8
1.6302841901779174e-8
1.5659663081169127e-8
1.5125112235546112e-8
1.4297257363796233e-8
1.330702006816864e-8
1.2693308293819426e-8
1.1810238659381866e-8
1.143556386232376e-8
1.1133751273155212e-8
1.0738808661699294e-8
1.050031930208206e-8
9.525912255048751e-9
8.787604421377181e-9
8.557194471359253e-9
8.54780375957489e-9
8.832684904336929e-9
9.405295550823211e-9
1.0242092609405516e-8
1.1295291036367416e-8
1.274605095386505e-8
1.4647459983825682e-8
1.7555025219917297e-8
2.189974635839462e-8
2.736788690090179e-8
3.2040074467659e-8
3.5041013360023496e-8
3.8285714387893674e-8
4.269624352455139e-8
4.86288845539093e-8
6.02389633655548e-8
6.761143207550048e-8
6.9230717420578e-8
7.706010937690735e-8
7.954136729240417e-8
7.755348682403564e-8
7.64361023902893e-8
7.610026001930236e-8
7.58687436580658e-8
7.429424524307251e-8
7.185890674591065e-8
7.078744769096374e-8
7.04268753528595e-8
6.906012892723083e-8
6.763646006584167e-8
6.525757908821105e-8
6.172558069229126e-8
5.7348221540451046e-8
5.308752059936523e-8
4.9955704808235165e-8
4.892271459102631e-8
4.831867218017578e-8
4.6996429562568665e-8
4.340405464172363e-8
3.9102417230606075e-8
3.624044060707092e-8
1.7955653369426726e-9
4.793643206357956e-9
7.0111624896526335e-9
8.765741437673568e-9
1.008061021566391e-8
1.1164908111095428e-8
1.2408645451068877e-8
1.4156731963157653e-8
1.7096519470214842e-8
2.2307893633842466e-8
3.003190457820892e-8
3.8227924704551694e-8
4.1310924291610714e-8
4.374805688858032e-8
5.009229779243469e-8
4.9591925740242e-8
4.2089003324508663e-8
3.445833921432495e-8
2.730375826358795e-8
2.077634185552597e-8
1.562117487192154e-8
1.2041685730218887e-8
9.517766535282135e-9
7.797916233539581e-9
6.7185372114181516e-9
6.030137091875076e-9
5.5814135819673534e-9
5.319645628333092e-9
5.152511596679688e-9
5.121474713087082e-9
5.247029289603233e-9
5.4504372179508206e-9
5.72725124657154e-9
6.0673221945762635e-9
6.538413465023041e-9
7.1803607046604154e-9
7.752348482608795e-9
7.972188293933868e-9
8.169744908809662e-9
9.030190855264663e-9
1.0991323739290237e-8
1.3960640132427215e-8
1.6085164248943328e-8
1.6929265856742857e-8
1.7529036104679107e-8
1.6979028284549712e-8
1.595458984375e-8
1.5347620844841002e-8
1.4882189035415648e-8
1.4080440998077392e-8
1.3054150342941284e-8
1.2384707480669021e-8
1.1495185643434524e-8
1.1153169721364975e-8
1.0914932191371918e-8
1.0588283836841582e-8
1.0402484983205795e-8
9.463903307914734e-9
8.736025542020798e-9
8.494749665260314e-9
8.460000157356261e-9
8.704856038093566e-9
9.218227118253707e-9
9.977221488952636e-9
1.0926689952611922e-8
1.2212414294481276e-8
1.38797789812088e-8
1.6503936052322386e-8
2.0568443834781646e-8
2.5811946392059323e-8
3.038682341575622e-8
3.342672288417816e-8
3.677939474582672e-8
4.140380024909973e-8
4.769410490989685e-8
5.968509316444397e-8
6.744216084480286e-8
6.941631436347962e-8
7.759263515472412e-8
8.026042580604552e-8
7.851241827011108e-8
7.76528775691986e-8
7.7337908744812e-8
7.694178223609924e-8
7.520574331283568e-8
7.263882756233215e-8
7.15954303741455e-8
7.130974531173705e-8
6.994277238845824e-8
6.839258670806884e-8
6.576344966888427e-8
6.194062829017639e-8
5.732055306434631e-8
5.296416282653808e-8
4.98980313539505e-8
4.905182123184204e-8
4.8712244629859925e-8
4.7677707672119136e-8
4.4251441955566404e-8
3.9979979395866395e-8
3.711693286895752e-8
1.826835051178932e-9
4.829936102032661e-9
6.984050571918487e-9
8.617161214351654e-9
9.93209257721901e-9
1.0956253856420516e-8
1.2060432136058807e-8
1.3780741393566131e-8
1.700240671634674e-8
2.280825525522232e-8
3.129063844680786e-8
3.879510760307312e-8
4.048689007759094e-8
4.285895526409149e-8
4.9665227532386774e-8
4.991249442100525e-8
4.187708795070648e-8
3.4135395288467404e-8
2.733531892299652e-8
2.0903465151786803e-8
1.575745642185211e-8
1.2065199762582778e-8
9.514278918504715e-9
7.790635526180268e-9
6.678742170333862e-9
5.97873218357563e-9
5.536599457263946e-9
5.27198426425457e-9
5.097954720258713e-9
5.086670815944671e-9
5.2447948604822155e-9
5.434843897819519e-9
5.687834322452545e-9
6.022201105952262e-9
6.516585499048233e-9
7.224936783313751e-9
7.72148221731186e-9
7.775654643774033e-9
8.008451014757156e-9
8.856211602687835e-9
1.1135436594486236e-8
1.4679096639156341e-8
1.631568670272827e-8
1.6718894243240355e-8
1.7194357514381407e-8
1.6775187849998472e-8
1.5831859409809112e-8
1.519678831100464e-8
1.4505161345005034e-8
1.3575266301631926e-8
1.2768058478832244e-8
1.2241840362548827e-8
1.130497083067894e-8
1.0942073911428451e-8
1.0796510428190231e-8
1.0477145761251449e-8
1.020364984869957e-8
9.360137581825255e-9
8.722484856843949e-9
8.505218476057053e-9
8.358269929885865e-9
8.573725074529648e-9
9.173673391342162e-9
9.77608636021614e-9
1.056913211941719e-8
1.1758911609649657e-8
1.3336296379566192e-8
1.5781010687351226e-8
1.954873502254486e-8
2.4332961440086365e-8
2.863679826259613e-8
3.1832307577133176e-8
3.5378676652908326e-8
4.028355777263641e-8
4.678678810596466e-8
5.892179012298584e-8
6.724427342414856e-8
6.981133818626404e-8
7.813785672187805e-8
8.068445920944214e-8
7.935489416122437e-8
7.878313064575195e-8
7.83120036125183e-8
7.779974937438965e-8
7.607507109642028e-8
7.351189851760864e-8
7.241086959838866e-8
7.199334502220154e-8
7.05483078956604e-8
6.880903840065002e-8
6.590712070465087e-8
6.194081902503967e-8
5.727056860923767e-8
5.2896004915237424e-8
4.962060749530792e-8
4.898980259895324e-8
4.9222368001937866e-8
4.8125430941581723e-8
4.49336975812912e-8
4.088406264781952e-8
3.7972113490104675e-8
1.8337108194828033e-9
4.819913953542709e-9
6.908608227968216e-9
8.476322889328003e-9
9.799881279468535e-9
1.0763414949178695e-8
1.172761023044586e-8
1.3433872163295745e-8
1.697590351104736e-8
2.351277470588684e-8
3.2724344730377194e-8
3.931763172149658e-8
3.955914080142975e-8
4.1798341274261474e-8
4.917667508125305e-8
5.0255852937698364e-8
4.16959136724472e-8
3.377601802349091e-8
2.7275872230529785e-8
2.1004869043827056e-8
1.5867331624031065e-8
1.209150031208992e-8
9.512855112552642e-9
7.785920053720474e-9
6.648615002632141e-9
5.934498086571693e-9
5.493045970797539e-9
5.22371307015419e-9
5.049783363938332e-9
5.066888406872749e-9
5.257866159081459e-9
5.437198653817177e-9
5.660952255129814e-9
5.986518785357475e-9
6.5170042216777794e-9
7.270534336566925e-9
7.667656987905502e-9
7.571513950824737e-9
7.790061831474304e-9
8.697225153446196e-9
1.1359800398349761e-8
1.541585475206375e-8
1.6552764177322387e-8
1.642903536558151e-8
1.6796907782554627e-8
1.658209264278412e-8
1.578073352575302e-8
1.5066510438919067e-8
1.4096072316169737e-8
1.3037854433059692e-8
1.2435822933912277e-8
1.211940199136734e-8
1.1188417673110962e-8
1.080164760351181e-8
1.0708042979240416e-8
1.0375426709651946e-8
1.0013472288846968e-8
9.223432838916778e-9
8.700563013553618e-9
8.523474633693695e-9
8.292227238416672e-9
8.466167747974396e-9
9.131349623203278e-9
9.642017632722855e-9
1.0265814512968062e-8
1.1360372602939605e-8
1.289074420928955e-8
1.5217256546020508e-8
1.8705058097839356e-8
2.301931530237198e-8
2.697949409484863e-8
3.0255353450775144e-8
3.401602804660797e-8
3.9196360111236573e-8
4.588819146156311e-8
5.810436606407165e-8
6.698960661888123e-8
7.018107771873473e-8
7.864233851432799e-8
8.102734088897704e-8
8.011450171470642e-8
7.97856330871582e-8
7.914654612541198e-8
7.856587767601013e-8
7.6909601688385e-8
7.439472079277038e-8
7.320578098297118e-8
7.257957458496094e-8
7.099275588989258e-8
6.902971863746642e-8
6.58768892288208e-8
6.183421015739441e-8
5.718205571174621e-8
5.28048038482666e-8
4.93079662322998e-8
4.8863127827644346e-8
4.964824914932251e-8
4.849716424942016e-8
4.552604556083679e-8
4.172912836074829e-8
3.881600797176361e-8
1.8357111141085623e-9
4.7913473099470135e-9
6.827315688133239e-9
8.358768373727799e-9
9.644826501607894e-9
1.054655686020851e-8
1.1452332139015197e-8
1.321490854024887e-8
1.70525923371315e-8
2.413438558578491e-8
3.3684733510017395e-8
3.966706395149231e-8
3.902734518051147e-8
4.1070008277893066e-8
4.8739129304885865e-8
5.0240147113800044e-8
4.155613183975219e-8
3.3566972613334654e-8
2.7205225825309752e-8
2.106511890888214e-8
1.593942046165466e-8
1.2127882987260818e-8
9.517526626586914e-9
7.772081345319748e-9
6.620001047849655e-9
5.894929170608521e-9
5.448167771100998e-9
5.177606269717216e-9
5.0131749361753464e-9
5.050943791866302e-9
5.256836116313934e-9
5.432147532701492e-9
5.640533566474914e-9
5.966680496931076e-9
6.520316004753113e-9
7.266800105571746e-9
7.593453675508499e-9
7.4177972972393035e-9
7.60999321937561e-9
8.635070919990539e-9
1.158040314912796e-8
1.5854772925376893e-8
1.6774770617485046e-8
1.6275733709335328e-8
1.651252806186676e-8
1.6376671195030212e-8
1.5655118227005003e-8
1.487002968788147e-8
1.374693363904953e-8
1.2627540528774262e-8
1.2107251584529876e-8
1.1922720074653625e-8
1.1064004153013228e-8
1.0684649646282195e-8
1.0596685111522673e-8
1.026027500629425e-8
9.874308109283447e-9
9.09578800201416e-9
8.636939525604248e-9
8.504430949687958e-9
8.257915824651718e-9
8.392655104398727e-9
9.038345515727996e-9
9.517828375101089e-9
1.003168001770973e-8
1.100696176290512e-8
1.2452109903097153e-8
1.466025412082672e-8
1.7909157276153565e-8
2.1867765486240387e-8
2.5526395440101624e-8
2.8742605447769162e-8
3.262879848480225e-8
3.800850510597229e-8
4.491651952266693e-8
5.728413462638855e-8
6.662326455116272e-8
7.031825184822082e-8
7.90440797805786e-8
8.144775032997132e-8
8.084068894386292e-8
8.067520260810852e-8
7.998301386833191e-8
7.938269972801208e-8
7.774903774261474e-8
7.52403974533081e-8
7.397692799568176e-8
7.318542003631592e-8
7.143935561180115e-8
6.92642092704773e-8
6.590486764907837e-8
6.17677628993988e-8
5.70885956287384e-8
5.268189311027526e-8
4.911141097545624e-8
4.880290925502777e-8
4.9920150637626644e-8
4.890599548816681e-8
4.611271917819977e-8
4.249202907085419e-8
3.964830935001373e-8
1.8320735543966293e-9
4.752605780959129e-9
6.747623533010482e-9
8.239498734474182e-9
9.48033481836319e-9
1.0335072129964829e-8
1.1229806393384932e-8
1.3084231317043305e-8
1.717947721481323e-8
2.464115023612976e-8
3.4375149011611935e-8
3.993033766746521e-8
3.870822489261627e-8
4.05571848154068e-8
4.8336344957351684e-8
5.007195472717285e-8
4.1409194469451904e-8
3.3423140645027156e-8
2.7148041129112242e-8
2.1094782650470734e-8
1.599246263504028e-8
1.216006800532341e-8
9.523064643144607e-9
7.75739774107933e-9
6.591330468654632e-9
5.856789648532867e-9
5.404993891716003e-9
5.136160925030708e-9
4.982298985123634e-9
5.0345521420240396e-9
5.249660089612007e-9
5.4228033870458604e-9
5.625354498624801e-9
5.954767391085625e-9
6.513389945030212e-9
7.24034160375595e-9
7.51396119594574e-9
7.287461310625076e-9
7.484420388936996e-9
8.616700768470764e-9
1.1754816770553589e-8
1.6173437237739562e-8
1.6944919526576995e-8
1.6197775304317473e-8
1.6302219033241272e-8
1.617596447467804e-8
1.548132747411728e-8
1.464671492576599e-8
1.3436496257781982e-8
1.2281572073698043e-8
1.180124282836914e-8
1.1698899418115615e-8
1.091766431927681e-8
1.0567335784435272e-8
1.04825459420681e-8
1.014316976070404e-8
9.749753028154373e-9
8.982449024915694e-9
8.556485921144485e-9
8.461023867130279e-9
8.222917467355728e-9
8.335034549236297e-9
8.947373926639556e-9
9.387335926294326e-9
9.831830114126205e-9
1.0701142251491546e-8
1.2039677798748016e-8
1.4120323956012724e-8
1.7161810398101807e-8
2.0830026268959044e-8
2.4228230118751525e-8
2.7331599593162536e-8
3.125394284725189e-8
3.676465451717377e-8
4.387562870979309e-8
5.641667246818542e-8
6.615096926689148e-8
7.028935551643372e-8
7.93449342250824e-8
8.187462091445923e-8
8.152797222137451e-8
8.149523138999939e-8
8.081275224685669e-8
8.022025823593139e-8
7.85906970500946e-8
7.606550455093383e-8
7.473177909851074e-8
7.37992525100708e-8
7.189137339591979e-8
6.951797008514404e-8
6.597593426704407e-8
6.173266768455504e-8
5.700220465660095e-8
5.256226062774658e-8
4.897737801074981e-8
4.8779127001762385e-8
5.0132513046264645e-8
4.930393099784851e-8
4.668306708335876e-8
4.3207663297653195e-8
4.045353531837463e-8
1.8198784440755842e-9
4.70263659954071e-9
6.675480306148529e-9
8.136983215808867e-9
9.325958043336868e-9
1.0139287263154983e-8
1.1043233424425125e-8
1.303168088197708e-8
1.745653748512268e-8
2.5278538465499876e-8
3.48747581243515e-8
3.99181455373764e-8
3.8410928845405574e-8
4.015792608261108e-8
4.797599613666534e-8
4.984926879405975e-8
4.133599102497101e-8
3.3314567804336546e-8
2.7005362510681152e-8
2.1055470407009125e-8
1.600733995437622e-8
1.2183425575494765e-8
9.534144401550293e-9
7.751362025737762e-9
6.571105867624283e-9
5.824392288923263e-9
5.364273115992546e-9
5.099085345864296e-9
4.960253462195396e-9
5.0259750336408616e-9
5.240683257579803e-9
5.410392954945564e-9
5.606843903660774e-9
5.944703146815299e-9
6.521723419427871e-9
7.209527492523193e-9
7.40659236907959e-9
7.166913896799087e-9
7.4210263788700105e-9
8.768259733915328e-9
1.2081839144229889e-8
1.621735095977783e-8
1.6960036754608152e-8
1.616784930229187e-8
1.615185588598251e-8
1.5973144769668577e-8
1.5260161459445954e-8
1.438399702310562e-8
1.3151735067367554e-8
1.1997362226247787e-8
1.1536885052919387e-8
1.147390380501747e-8
1.0750921070575714e-8
1.0424355417490005e-8
1.0331171751022338e-8
1.0018570721149444e-8
9.649304300546646e-9
8.895612508058547e-9
8.493505418300628e-9
8.414371311664581e-9
8.192036300897598e-9
8.277897536754608e-9
8.831951767206192e-9
9.259729832410812e-9
9.660840034484864e-9
1.04266457259655e-8
1.1658201366662979e-8
1.3620616495609282e-8
1.6473169624805448e-8
1.991540491580963e-8
2.3081064224243162e-8
2.6070541143417357e-8
2.9995813965797425e-8
3.552688062191009e-8
4.28201287984848e-8
5.54904818534851e-8
6.553043723106384e-8
7.012685537338256e-8
7.953790426254272e-8
8.226204514503478e-8
8.215345740318298e-8
8.218300342559814e-8
8.153682947158813e-8
8.103482127189636e-8
7.945469617843628e-8
7.686965465545654e-8
7.54147171974182e-8
7.436211705207825e-8
7.235851883888244e-8
6.98427677154541e-8
6.611975431442261e-8
6.175215244293213e-8
5.694528222084045e-8
5.242187976837158e-8
4.88130509853363e-8
4.871604144573212e-8
5.027950406074524e-8
4.9687460064888e-8
4.7238123416900635e-8
4.389557838439941e-8
4.1248387098312375e-8
1.7798906192183493e-9
4.609853774309158e-9
6.67070597410202e-9
8.165732026100158e-9
9.251253306865691e-9
9.954658895730971e-9
1.0836364328861235e-8
1.3173970580101012e-8
1.872728168964386e-8
2.7334213256835937e-8
3.500854969024658e-8
3.83742868900299e-8
3.745840787887573e-8
3.968486785888672e-8
4.769378006458282e-8
4.9697738885879515e-8
4.1819131374359126e-8
3.32316905260086e-8
2.6256877183914185e-8
2.062884271144867e-8
1.585339903831482e-8
1.2178146839141845e-8
9.5892995595932e-9
7.806228846311568e-9
6.607716530561447e-9
5.825301632285118e-9
5.326360091567039e-9
5.068643391132354e-9
4.979785159230232e-9
5.073120072484016e-9
5.243140086531639e-9
5.385613068938255e-9
5.548835918307304e-9
5.9441443532705305e-9
6.680677086114883e-9
7.215392589569092e-9
7.135258615016937e-9
6.970979273319244e-9
7.572120428085326e-9
1.0070259869098663e-8
1.3376301527023314e-8
1.5021772682666777e-8
1.6015730798244474e-8
1.6225506365299225e-8
1.6110448539257048e-8
1.5708352625370024e-8
1.4867013692855834e-8
1.3937821984291076e-8
1.2885726988315582e-8
1.1879990994930266e-8
1.142285168170929e-8
1.1294472962617874e-8
1.0548188537359237e-8
1.015641763806343e-8
9.950169920921326e-9
9.825636446475983e-9
9.658619016408919e-9
8.945100754499436e-9
8.577612787485123e-9
8.449666202068328e-9
8.234172314405441e-9
8.188506960868835e-9
8.526498079299926e-9
9.10607874393463e-9
9.576943516731262e-9
1.0153391212224959e-8
1.1287587881088257e-8
1.3227370381355285e-8
1.591748595237732e-8
1.9289131462574004e-8
2.2230985760688782e-8
2.520807087421417e-8
2.928268313407898e-8
3.450974822044372e-8
4.201073348522186e-8
5.455188751220703e-8
6.453530788421631e-8
6.98465883731842e-8
7.957978844642639e-8
8.254566192626952e-8
8.259956240653992e-8
8.226889967918396e-8
8.160920143127441e-8
8.164011240005492e-8
8.045685291290283e-8
7.759751081466675e-8
7.568206191062926e-8
7.4558687210083e-8
7.28826105594635e-8
7.053038477897643e-8
6.656014323234558e-8
6.1986243724823e-8
5.700179934501648e-8
5.2052485942840574e-8
4.8212617635726923e-8
4.823781549930572e-8
5.0124210119247436e-8
5.007112622261047e-8
4.7812548279762265e-8
4.460136294364929e-8
4.2159581184387205e-8
1.7428696155548095e-9
4.5616012066602705e-9
6.653090566396713e-9
8.144313097000123e-9
9.165871888399124e-9
9.805753827095032e-9
1.0773579031229019e-8
1.3541695475578307e-8
1.98275089263916e-8
2.858299911022186e-8
3.513566255569458e-8
3.747323155403137e-8
3.66471379995346e-8
3.917195796966553e-8
4.73896324634552e-8
4.964752197265625e-8
4.1945689916610716e-8
3.304485082626343e-8
2.5798794627189634e-8
2.023821473121643e-8
1.568738967180252e-8
1.215258091688156e-8
9.625472873449326e-9
7.852939516305923e-9
6.635172665119171e-9
5.821723118424415e-9
5.303343757987022e-9
5.055117607116699e-9
4.99420166015625e-9
5.095152929425239e-9
5.248956382274628e-9
5.35840205848217e-9
5.522660166025161e-9
5.978370457887649e-9
6.735508143901825e-9
7.172501087188721e-9
6.983356177806854e-9
6.882993131875991e-9
7.959998399019241e-9
1.1016950011253356e-8
1.3835909962654114e-8
1.4629486203193664e-8
1.5398314595222474e-8
1.59753754734993e-8
1.6002187132835386e-8
1.54639333486557e-8
1.4509455859661102e-8
1.3577587902545928e-8
1.2616500258445739e-8
1.1717469245195389e-8
1.1289133876562118e-8
1.1130201071500778e-8
1.0344376415014267e-8
9.897834807634353e-9
9.670574218034744e-9
9.60901528596878e-9
9.589848667383193e-9
8.979707211256027e-9
8.633875846862793e-9
8.506443351507186e-9
8.244562894105911e-9
8.117713779211044e-9
8.356482535600661e-9
8.898751437664032e-9
9.421563893556594e-9
9.953225404024123e-9
1.0967513173818588e-8
1.2818431854248046e-8
1.541864722967148e-8
1.86492919921875e-8
2.1481205523014067e-8
2.439298778772354e-8
2.8470250964164733e-8
3.3625552058219905e-8
4.1141936182975764e-8
5.3606218099594114e-8
6.363676190376282e-8
6.945152282714843e-8
7.949380874633788e-8
8.273990154266357e-8
8.294302225112915e-8
8.241938948631286e-8
8.18105161190033e-8
8.21946084499359e-8
8.127595782279967e-8
7.826221585273742e-8
7.606545686721802e-8
7.487228512763976e-8
7.336857914924621e-8
7.111154198646545e-8
6.699209809303284e-8
6.222962141036987e-8
5.702418684959411e-8
5.176482200622558e-8
4.7753643989562983e-8
4.783313274383545e-8
4.9977603554725644e-8
5.0328963994979856e-8
4.833186864852905e-8
4.528878629207611e-8
4.300919473171234e-8
1.7137350514531136e-9
4.525479674339294e-9
6.624786555767059e-9
8.099331706762314e-9
9.077636152505873e-9
9.715356677770614e-9
1.0835932940244675e-8
1.3975496590137481e-8
2.0707768201828e-8
2.945388853549957e-8
3.525354564189911e-8
3.689135909080505e-8
3.5995110869407654e-8
3.868727385997772e-8
4.7081971168518063e-8
4.955584108829498e-8
4.1907647252082826e-8
3.283174633979797e-8
2.5443318486213684e-8
1.992359161376953e-8
1.551842540502548e-8
1.2111186236143112e-8
9.646708518266677e-9
7.888173311948776e-9
6.655672192573547e-9
5.819717794656754e-9
5.290079861879349e-9
5.049445852637291e-9
5.002876371145248e-9
5.108591169118881e-9
5.247791483998298e-9
5.3422436118125915e-9
5.517604202032089e-9
5.999648198485374e-9
6.749449670314788e-9
7.1226462721824645e-9
6.893763691186905e-9
6.9341726601123805e-9
8.351878821849822e-9
1.1642868816852569e-8
1.4161394536495209e-8
1.4419221878051758e-8
1.499691903591156e-8
1.56771719455719e-8
1.5801210701465605e-8
1.521901786327362e-8
1.4194162189960479e-8
1.3258220255374907e-8
1.2358444184064865e-8
1.1533071845769881e-8
1.1138177663087845e-8
1.0964563488960266e-8
1.0147827118635177e-8
9.665039926767348e-9
9.42547544836998e-9
9.406378865242005e-9
9.481655806303023e-9
8.97214338183403e-9
8.677612245082854e-9
8.551691472530365e-9
8.257576078176498e-9
8.065345138311385e-9
8.229301869869232e-9
8.721612393856049e-9
9.234277158975601e-9
9.753716737031936e-9
1.0693063586950302e-8
1.2437823414802551e-8
1.493426263332367e-8
1.8044422566890715e-8
2.0774440467357634e-8
2.362053394317627e-8
2.7652475237846373e-8
3.277203440666199e-8
4.0267172455787656e-8
5.2666199207305905e-8
6.277690529823303e-8
6.897560358047485e-8
7.931112647056579e-8
8.284530639648437e-8
8.320412039756775e-8
8.260596394538879e-8
8.208112716674805e-8
8.271104097366333e-8
8.198009133338928e-8
7.88820743560791e-8
7.651238441467285e-8
7.525805830955506e-8
7.38396942615509e-8
7.163028717041015e-8
6.74033522605896e-8
6.24689519405365e-8
5.704447031021118e-8
5.1541799306869506e-8
4.7394984960556025e-8
4.749686419963836e-8
4.984054267406463e-8
5.0516355037689205e-8
4.879060089588165e-8
4.593693315982819e-8
4.3805634975433346e-8
1.690969057381153e-9
4.492618516087532e-9
6.587670743465423e-9
8.043199032545089e-9
9.003903716802597e-9
9.68637466430664e-9
1.097523421049118e-8
1.4402677118778229e-8
2.1419626474380494e-8
3.0107370018959044e-8
3.5364329814910884e-8
3.648885488510132e-8
3.5475957393646236e-8
3.8252830505371095e-8
4.677140116691589e-8
4.9401915073394774e-8
4.1781285405159e-8
3.2606637477874756e-8
2.514601945877075e-8
1.965966075658798e-8
1.5361733734607697e-8
1.2058544158935546e-8
9.6545472741127e-9
7.912841439247131e-9
6.671290099620818e-9
5.819915980100632e-9
5.283264070749283e-9
5.0470173358917235e-9
5.0088498741388315e-9
5.1151115447282785e-9
5.245700106024742e-9
5.334898084402084e-9
5.518314614892006e-9
6.009458005428314e-9
6.743565201759338e-9
7.079821079969406e-9
6.868436187505721e-9
7.049863040447235e-9
8.690888434648514e-9
1.211077570915222e-8
1.4404210448265074e-8
1.4304257929325103e-8
1.4703373610973358e-8
1.5389266610145567e-8
1.5555782616138457e-8
1.496306210756302e-8
1.3905765116214752e-8
1.2968604266643523e-8
1.2110476195812225e-8
1.1339804530143737e-8
1.0973982512950896e-8
1.079467535018921e-8
9.959816187620162e-9
9.452003985643386e-9
9.204906225204468e-9
9.213725477457046e-9
9.356284886598587e-9
8.931880444288253e-9
8.696721494197845e-9
8.587695658206939e-9
8.270275592803955e-9
8.028458058834076e-9
8.129900693893432e-9
8.568158745765685e-9
9.051215648651123e-9
9.548988938331604e-9
1.04385107755661e-8
1.2090062350034714e-8
1.4475263655185699e-8
1.7467738687992096e-8
2.0105369389057157e-8
2.2882336378097532e-8
2.6853412389755247e-8
3.193414807319641e-8
3.9398193359375e-8
5.173310041427612e-8
6.193075180053711e-8
6.843993067741393e-8
7.904940843582153e-8
8.286824226379395e-8
8.339596986770629e-8
8.280603885650635e-8
8.23841631412506e-8
8.319754004478454e-8
8.26091468334198e-8
7.946864366531371e-8
7.699279189109801e-8
7.56879448890686e-8
7.430601716041565e-8
7.211115956306457e-8
6.779299378395081e-8
6.270138025283813e-8
5.70747435092926e-8
5.137172937393188e-8
4.711208939552307e-8
4.721984565258026e-8
4.97171938419342e-8
5.066149830818176e-8
4.9194988608360286e-8
4.6537688374519346e-8
4.455059766769409e-8
1.7129536718130111e-9
4.548069462180137e-9
6.605689227581024e-9
7.989303767681121e-9
8.905792236328125e-9
9.676822274923324e-9
1.1300448328256606e-8
1.5072707831859587e-8
2.2319686412811277e-8
3.0957892537117e-8
3.527689874172211e-8
3.5890343785285945e-8
3.4827458858489986e-8
3.763384819030761e-8
4.559750556945801e-8
4.776758551597595e-8
4.1537648439407346e-8
3.309039771556854e-8
2.5431001186370848e-8
1.9755366444587707e-8
1.5406596660614013e-8
1.2132098525762557e-8
9.706158936023711e-9
7.933327555656433e-9
6.6673554480075835e-9
5.808456242084503e-9
5.285008624196052e-9
5.058871954679489e-9
5.025358870625496e-9
5.124400183558464e-9
5.230312421917915e-9
5.314737930893898e-9
5.550012737512589e-9
6.11441507935524e-9
6.7359559237957e-9
6.905972212553024e-9
6.876370310783386e-9
7.482774555683136e-9
9.78361815214157e-9
1.2794637680053711e-8
1.369389146566391e-8
1.3815124332904815e-8
1.4491459727287292e-8
1.5074658393859863e-8
1.5183392167091367e-8
1.4659510552883147e-8
1.3644532859325409e-8
1.269378662109375e-8
1.1903733015060424e-8
1.1247939616441727e-8
1.0824319720268249e-8
1.0574346035718918e-8
9.693548083305358e-9
9.245390444993973e-9
9.046725183725357e-9
9.006738662719726e-9
9.274333715438843e-9
8.882583677768708e-9
8.675605803728102e-9
8.6494579911232e-9
8.336610347032547e-9
8.044822514057159e-9
8.053088933229446e-9
8.422081917524338e-9
8.92622172832489e-9
9.381218254566192e-9
1.0201631486415862e-8
1.1777687072753906e-8
1.4046339690685271e-8
1.676025390625e-8
1.937267482280731e-8
2.2265999019145964e-8
2.6115939021110533e-8
3.125249743461609e-8
3.881027400493622e-8
5.0947743654251095e-8
6.101751327514648e-8
6.77794098854065e-8
7.860391139984131e-8
8.279321789741515e-8
8.351691961288452e-8
8.312743902206421e-8
8.293690085411072e-8
8.364421725273132e-8
8.298564553260803e-8
7.99354612827301e-8
7.757766246795653e-8
7.634001374244689e-8
7.478074431419373e-8
7.236746549606323e-8
6.808741092681884e-8
6.293444633483886e-8
5.711761713027954e-8
5.130283832550049e-8
4.689902663230896e-8
4.6797594428062436e-8
4.9304673075675964e-8
5.0565499067306515e-8
4.946070313453674e-8
4.7007805109024046e-8
4.5163452625274657e-8
1.7593735828995703e-9
4.634173959493637e-9
6.6404007375240325e-9
7.940231263637542e-9
8.830562233924865e-9
9.75116416811943e-9
1.1728829145431518e-8
1.584414392709732e-8
2.3294714093208312e-8
3.1739261746406556e-8
3.513396680355072e-8
3.523879051208496e-8
3.410060405731201e-8
3.67724597454071e-8
4.398321509361267e-8
4.577945470809936e-8
4.109464287757873e-8
3.372111916542053e-8
2.6011356711387633e-8
2.0082591474056243e-8
1.5594609081745147e-8
1.2270935624837875e-8
9.785271435976029e-9
7.956036180257796e-9
6.6582724452018735e-9
5.7964488863945004e-9
5.2896074950695034e-9
5.076699703931809e-9
5.045293271541595e-9
5.130539834499359e-9
5.212695524096489e-9
5.304467678070068e-9
5.608272925019264e-9
6.219920888543128e-9
6.706155836582183e-9
6.764625757932662e-9
6.96951150894165e-9
8.197689801454543e-9
1.1074017733335494e-8
1.3183140754699707e-8
1.2932018935680388e-8
1.3138425350189208e-8
1.4195425808429717e-8
1.4744846522808074e-8
1.4788836240768432e-8
1.4329583942890166e-8
1.3379256427288054e-8
1.2446917593479156e-8
1.1732011288404464e-8
1.1165662854909896e-8
1.0687660425901413e-8
1.034080907702446e-8
9.421899169683456e-9
9.030849486589432e-9
8.889871835708617e-9
8.83752703666687e-9
9.178606420755385e-9
8.833738416433333e-9
8.64979848265648e-9
8.69913175702095e-9
8.42088758945465e-9
8.087754994630813e-9
8.006459474563599e-9
8.30579400062561e-9
8.811628073453903e-9
9.240229427814483e-9
9.989766776561737e-9
1.1484019458293914e-8
1.3618934154510498e-8
1.608181744813919e-8
1.8629212677478788e-8
2.1642106771469115e-8
2.5454711914062498e-8
3.065041601657867e-8
3.8308748602867126e-8
5.025089383125305e-8
6.013334393501282e-8
6.707004308700561e-8
7.805200815200805e-8
8.263497948646545e-8
8.358651399612426e-8
8.348729014396667e-8
8.355441093444824e-8
8.406914472579956e-8
8.328476548194885e-8
8.035705685615539e-8
7.818613648414611e-8
7.705011963844298e-8
7.525607943534851e-8
7.256537079811097e-8
6.832754015922547e-8
6.314242482185364e-8
5.717722177505493e-8
5.127235651016235e-8
4.670451283454895e-8
4.634593427181244e-8
4.879319667816162e-8
5.032849907875061e-8
4.959203004837036e-8
4.736756384372711e-8
4.5671546459197996e-8
1.8005395308136939e-9
4.692433029413223e-9
6.65542334318161e-9
7.906240224838257e-9
8.826090395450592e-9
9.915576130151749e-9
1.215919554233551e-8
1.653641164302826e-8
2.4120859801769256e-8
3.229746222496033e-8
3.5054260492324825e-8
3.4705886244773864e-8
3.339358866214752e-8
3.5816898941993715e-8
4.2517840862274166e-8
4.4310215115547176e-8
4.0581613779067994e-8
3.4023007750511166e-8
2.6487073302268982e-8
2.042470574378967e-8
1.5806803107261655e-8
1.240379512310028e-8
9.860459715127945e-9
7.982777804136277e-9
6.657629460096359e-9
5.792034044861793e-9
5.294385179877281e-9
5.091103538870812e-9
5.059215053915977e-9
5.132289230823517e-9
5.205492302775383e-9
5.3165383636951445e-9
5.660431832075119e-9
6.2630072236061095e-9
6.6805407404899595e-9
6.746724247932434e-9
7.209838181734085e-9
8.916542679071427e-9
1.190226525068283e-8
1.3382166624069213e-8
1.2532073259353638e-8
1.2633711099624633e-8
1.3796812295913695e-8
1.4402182400226592e-8
1.4438480138778686e-8
1.4006970822811127e-8
1.31068617105484e-8
1.222330331802368e-8
1.1565621942281722e-8
1.1037882417440413e-8
1.0542678833007813e-8
1.0133223980665206e-8
9.193037450313567e-9
8.81795808672905e-9
8.71220901608467e-9
8.693529665470123e-9
9.061702340841293e-9
8.770721405744553e-9
8.629914373159408e-9
8.722805976867675e-9
8.47877487540245e-9
8.127792924642563e-9
7.98627734184265e-9
8.223630487918853e-9
8.691658079624175e-9
9.098441153764725e-9
9.797147661447524e-9
1.1202411353588104e-8
1.3204874098300934e-8
1.5508696436882017e-8
1.7951828241348266e-8
2.097032368183136e-8
2.4814479053020478e-8
3.0037200450897214e-8
3.772525489330291e-8
4.9550160765647886e-8
5.932544469833374e-8
6.637945771217346e-8
7.748667001724243e-8
8.241816163063049e-8
8.361346125602722e-8
8.37901771068573e-8
8.406396508216857e-8
8.448739647865295e-8
8.365326523780823e-8
8.080236911773681e-8
7.875088453292846e-8
7.767592668533324e-8
7.572562098503113e-8
7.284263968467713e-8
6.857165694236755e-8
6.332423090934753e-8
5.724614858627319e-8
5.12315571308136e-8
4.651443064212799e-8
4.598306119441986e-8
4.838062226772308e-8
5.009703636169433e-8
4.964939951896667e-8
4.766114354133606e-8
4.6119672060012814e-8
1.8341656774282455e-9
4.732266068458557e-9
6.6631495952606194e-9
7.899922877550124e-9
8.882586658000946e-9
1.0128530114889145e-8
1.2585668265819548e-8
1.715465039014816e-8
2.480494976043701e-8
3.2734978199005125e-8
3.498603999614716e-8
3.4236115217208864e-8
3.269916176795959e-8
3.4866654872894285e-8
4.121784567832947e-8
4.3119260668754575e-8
4.0062731504440304e-8
3.414376676082611e-8
2.6847392320632935e-8
2.075020968914032e-8
1.602703332901001e-8
1.2539316713809966e-8
9.934416413307189e-9
8.01309272646904e-9
6.663702428340911e-9
5.7925038039684296e-9
5.3001005202531815e-9
5.102280527353286e-9
5.068655684590339e-9
5.134602263569832e-9
5.208253487944603e-9
5.336721614003182e-9
5.6961096823215485e-9
6.285322457551956e-9
6.681561470031738e-9
6.821230053901672e-9
7.532910257577897e-9
9.520198404788971e-9
1.2497775256633758e-8
1.3529017567634582e-8
1.2266872823238373e-8
1.2233895808458328e-8
1.3401444256305694e-8
1.4045475423336028e-8
1.4103263616561888e-8
1.3696695864200592e-8
1.28411203622818e-8
1.200762614607811e-8
1.1395113170146941e-8
1.0893122106790542e-8
1.0387787967920303e-8
9.943452477455138e-9
8.987978100776672e-9
8.616404235363006e-9
8.533724397420883e-9
8.54593887925148e-9
8.944172412157058e-9
8.695607632398604e-9
8.600476384162903e-9
8.734093606472016e-9
8.516306430101394e-9
8.161111921072006e-9
7.980096340179443e-9
8.163260668516158e-9
8.585258573293685e-9
8.958429098129272e-9
9.61318090558052e-9
1.0936800390481949e-8
1.282055377960205e-8
1.499112844467163e-8
1.7333504557609557e-8
2.0311327278614042e-8
2.416726052761078e-8
2.941155135631561e-8
3.71018648147583e-8
4.8838883638381955e-8
5.8555769920349116e-8
6.570346355438232e-8
7.691712379455567e-8
8.215593695640563e-8
8.359574079513549e-8
8.403580784797667e-8
8.449242115020752e-8
8.489521145820617e-8
8.405791521072387e-8
8.125901222229004e-8
7.928650379180908e-8
7.82476007938385e-8
7.618834376335143e-8
7.316280603408813e-8
6.882351636886596e-8
6.349676251411438e-8
5.731604695320129e-8
5.118916630744934e-8
4.6341812610626216e-8
4.568292498588562e-8
4.803862273693084e-8
4.9880748987197876e-8
4.9662595987319946e-8
4.789419174194336e-8
4.650591313838959e-8
1.863908395171165e-9
4.776343330740929e-9
6.682327389717102e-9
7.925128936767577e-9
8.975086361169815e-9
1.035936027765274e-8
1.2995298206806182e-8
1.773693859577179e-8
2.5365567207336425e-8
3.293113112449646e-8
3.477037847042084e-8
3.383916914463043e-8
3.2192265987396236e-8
3.40300977230072e-8
3.9914748072624204e-8
4.197213351726532e-8
3.95679235458374e-8
3.421350419521332e-8
2.71783709526062e-8
2.1098387241363523e-8
1.6281640529632567e-8
1.2688501179218292e-8
1.0010086745023726e-8
8.043089509010315e-9
6.675388664007186e-9
5.8008421212434766e-9
5.310017615556717e-9
5.113757401704788e-9
5.0815798342227934e-9
5.142761021852493e-9
5.218057706952095e-9
5.363121256232261e-9
5.7384338229894635e-9
6.310273706912994e-9
6.7024670541286464e-9
6.973008066415786e-9
7.939165830612182e-9
1.0140634328126907e-8
1.2915974855422974e-8
1.3500794768333434e-8
1.2031757086515426e-8
1.1895246058702468e-8
1.3030877709388732e-8
1.3686440885066985e-8
1.3778193295001983e-8
1.339832842350006e-8
1.2600861489772795e-8
1.1816196143627166e-8
1.1209546029567718e-8
1.0714805126190185e-8
1.0210292041301727e-8
9.763125330209731e-9
8.81803184747696e-9
8.43927562236786e-9
8.37373435497284e-9
8.411672711372375e-9
8.812383562326431e-9
8.612539619207382e-9
8.557458966970444e-9
8.7210975587368e-9
8.550278842449188e-9
8.20162147283554e-9
7.987009733915329e-9
8.119945973157882e-9
8.4816075861454e-9
8.830050379037857e-9
9.460257738828658e-9
1.0694363713264465e-8
1.2452165782451629e-8
1.4529523253440856e-8
1.680522859096527e-8
1.9719523191452026e-8
2.354234457015991e-8
2.8773188591003418e-8
3.6440828442573544e-8
4.809412956237793e-8
5.7817977666854856e-8
6.509861946105957e-8
7.642378211021423e-8
8.187813758850098e-8
8.351357579231262e-8
8.420220017433166e-8
8.483416438102721e-8
8.528039455413819e-8
8.446675539016723e-8
8.168298006057739e-8
7.973989248275756e-8
7.871071696281433e-8
7.65866219997406e-8
7.346845865249633e-8
6.906864047050475e-8
6.367251873016357e-8
5.7390570640563964e-8
5.1169067621231074e-8
4.62212324142456e-8
4.540994167327881e-8
4.769448935985565e-8
4.965848624706268e-8
4.968364536762237e-8
4.8137810826301574e-8
4.6860474348068234e-8
1.9143171608448027e-9
4.913243278861046e-9
6.760804355144501e-9
7.981257885694504e-9
9.040690958499907e-9
1.0530267655849456e-8
1.3375146687030792e-8
1.848328560590744e-8
2.5699630379676817e-8
3.204744458198547e-8
3.362535238265991e-8
3.369260430335998e-8
3.2824578881263735e-8
3.3613139390945436e-8
3.7817028164863584e-8
4.0094536542892454e-8
3.912213444709778e-8
3.458428382873535e-8
2.788088023662567e-8
2.1813432872295378e-8
1.678681820631027e-8
1.2923812866210936e-8
1.0090714693069458e-8
8.05305391550064e-9
6.695172190666198e-9
5.839421600103378e-9
5.345825850963592e-9
5.144044384360313e-9
5.131853371858596e-9
5.176669359207153e-9
5.238782614469528e-9
5.4353602230548854e-9
5.886992067098617e-9
6.369895488023758e-9
6.667567044496536e-9
7.2596982121467584e-9
8.872773498296738e-9
1.1416257917881012e-8
1.2852154672145842e-8
1.2514720857143402e-8
1.1539931595325469e-8
1.1571427434682845e-8
1.268961727619171e-8
1.3311614096164702e-8
1.348268985748291e-8
1.3122375309467316e-8
1.2480979412794113e-8
1.1757761240005492e-8
1.0948887467384338e-8
1.0376253724098204e-8
9.907589852809905e-9
9.586311876773835e-9
8.776738494634628e-9
8.358256518840789e-9
8.32146555185318e-9
8.374100923538207e-9
8.623030781745911e-9
8.510050922632217e-9
8.486931025981903e-9
8.62705335021019e-9
8.63569900393486e-9
8.338714390993118e-9
8.044937252998352e-9
8.091278374195099e-9
8.317502588033675e-9
8.728981018066406e-9
9.468761086463927e-9
1.0517705231904984e-8
1.2040168046951294e-8
1.4181725680828094e-8
1.6600142419338224e-8
1.942107081413269e-8
2.307085394859314e-8
2.8138285875320435e-8
3.5683140158653256e-8
4.720057249069214e-8
5.718613266944885e-8
6.49249792098999e-8
7.646169066429137e-8
8.171688318252564e-8
8.325776457786559e-8
8.415179848670958e-8
8.497309684753417e-8
8.558915257453917e-8
8.479242324829101e-8
8.185073733329773e-8
7.974874973297118e-8
7.86469280719757e-8
7.657673954963684e-8
7.352262139320374e-8
6.921566128730773e-8
6.387941241264343e-8
5.7497930526733395e-8
5.12813925743103e-8
4.632401764392853e-8
4.503765106201172e-8
4.703133702278137e-8
4.928989708423614e-8
4.991626739501953e-8
4.87593799829483e-8
4.736394584178924e-8
1.967024244368076e-9
5.007229372859001e-9
6.844279915094375e-9
8.04838240146637e-9
9.148112684488295e-9
1.0746963322162627e-8
1.3791742920875548e-8
1.8948893249034882e-8
2.5761419534683228e-8
3.142004609107971e-8
3.29079806804657e-8
3.3510842919349666e-8
3.2873380184173584e-8
3.30032467842102e-8
3.6303472518920894e-8
3.863288462162018e-8
3.852676451206207e-8
3.478778004646301e-8
2.8466495871543884e-8
2.2451035678386687e-8
1.725976467132568e-8
1.3181892037391663e-8
1.0191166400909424e-8
8.088444918394089e-9
6.720022857189178e-9
5.8715101331472395e-9
5.3800962865352625e-9
5.183223262429237e-9
5.170265957713127e-9
5.210838466882705e-9
5.2831366658210756e-9
5.520334839820862e-9
5.980170518159866e-9
6.423227488994598e-9
6.7883655428886414e-9
7.70508199930191e-9
9.769989550113678e-9
1.2075651437044144e-8
1.2729932367801666e-8
1.1983172595500946e-8
1.1045382171869278e-8
1.1220473051071166e-8
1.2347196787595748e-8
1.2979137897491455e-8
1.3177113234996795e-8
1.2893956899642943e-8
1.2332378327846526e-8
1.161348819732666e-8
1.0732165724039078e-8
1.008758619427681e-8
9.641400724649428e-9
9.40365195274353e-9
8.67750346660614e-9
8.298919349908828e-9
8.261629939079284e-9
8.29547643661499e-9
8.51551815867424e-9
8.384629338979721e-9
8.399920165538787e-9
8.583956956863403e-9
8.657148480415345e-9
8.432190120220184e-9
8.113096654415131e-9
8.070457726716995e-9
8.228813856840133e-9
8.626418560743332e-9
9.386632591485977e-9
1.0370160639286041e-8
1.1751610785722732e-8
1.3841168582439423e-8
1.6309870779514313e-8
1.9114431738853453e-8
2.2636665403842924e-8
2.7554592490196227e-8
3.4972077608108516e-8
4.6390959620475766e-8
5.6556314229965205e-8
6.462799906730652e-8
7.636616230010986e-8
8.155798912048339e-8
8.307572603225707e-8
8.411482572555542e-8
8.508145809173584e-8
8.584440350532531e-8
8.506734371185302e-8
8.201401233673096e-8
7.979132533073425e-8
7.862257957458496e-8
7.657998204231262e-8
7.357887029647827e-8
6.934469938278198e-8
6.404871344566344e-8
5.762192606925964e-8
5.137689113616943e-8
4.632650911808014e-8
4.475699365139007e-8
4.655957221984863e-8
4.898605048656463e-8
5.002831220626831e-8
4.921413660049438e-8
4.786919057369232e-8
2.0134080201387404e-9
5.090011656284332e-9
6.923855096101761e-9
8.13768059015274e-9
9.289009124040603e-9
1.0998295992612839e-8
1.4141279458999634e-8
1.923983097076416e-8
2.5719565153121946e-8
3.095722496509552e-8
3.2405203580856324e-8
3.3248424530029296e-8
3.2631924748420716e-8
3.233582675457001e-8
3.5113760828971864e-8
3.745433688163757e-8
3.792239725589752e-8
3.486065566539764e-8
2.8938543796539307e-8
2.301375716924667e-8
1.7705832421779632e-8
1.3445660471916199e-8
1.0313725471496581e-8
8.139532059431076e-9
6.751234829425811e-9
5.902441591024399e-9
5.415347963571548e-9
5.220527574419975e-9
5.207512900233269e-9
5.250538885593414e-9
5.339778587222099e-9
5.596011132001876e-9
6.057402119040489e-9
6.5181247889995576e-9
7.016738504171371e-9
8.225740492343903e-9
1.0457705706357956e-8
1.2493268400430679e-8
1.262827068567276e-8
1.1583225429058075e-8
1.0635988414287566e-8
1.0862713307142257e-8
1.20123490691185e-8
1.2659105658531188e-8
1.2893424928188323e-8
1.2671051919460296e-8
1.2160495668649673e-8
1.1443934589624404e-8
1.0521524399518967e-8
9.839415550231934e-9
9.402219206094742e-9
9.216516464948654e-9
8.561576902866363e-9
8.224842697381974e-9
8.197028189897537e-9
8.21835696697235e-9
8.415767550468444e-9
8.278760313987732e-9
8.309628069400788e-9
8.537308126688003e-9
8.667244762182235e-9
8.4876649081707e-9
8.168832957744598e-9
8.072065562009812e-9
8.16848948597908e-9
8.536137640476226e-9
9.280648082494735e-9
1.0220734775066375e-8
1.1517412960529328e-8
1.3535988330841064e-8
1.5993013978004454e-8
1.878255158662796e-8
2.2221554815769195e-8
2.7013078331947325e-8
3.4310418367385865e-8
4.5639726519584657e-8
5.592743158340454e-8
6.425126791000365e-8
7.617316246032714e-8
8.138461709022522e-8
8.292949795722961e-8
8.408493995666504e-8
8.517019748687744e-8
8.605759143829345e-8
8.530192971229553e-8
8.217096328735352e-8
7.985596656799316e-8
7.86283016204834e-8
7.659738063812255e-8
7.36373484134674e-8
6.946004033088684e-8
6.419431567192077e-8
5.774200558662414e-8
5.1451110839843746e-8
4.6293705701828e-8
4.4535633921623226e-8
4.620930254459381e-8
4.87384557723999e-8
5.007701516151428e-8
4.955635070800781e-8
4.833357036113739e-8
2.0543325692415237e-9
5.165569484233856e-9
7.009195536375045e-9
8.246944099664687e-9
9.458380937576294e-9
1.1243490129709243e-8
1.4418715238571166e-8
1.9420480728149413e-8
2.563888132572174e-8
3.0597826838493344e-8
3.200096189975738e-8
3.291971981525421e-8
3.2243412733078004e-8
3.166520297527313e-8
3.412303030490875e-8
3.647433817386627e-8
3.735216557979584e-8
3.4849080443382264e-8
2.9309695959091185e-8
2.350659966468811e-8
1.8122050166130065e-8
1.3711321353912353e-8
1.0450895130634308e-8
8.204207569360732e-9
6.7885190248489375e-9
5.935209617018699e-9
5.449951440095901e-9
5.257108807563781e-9
5.24594709277153e-9
5.296257138252258e-9
5.398581176996231e-9
5.666638910770416e-9
6.142923608422279e-9
6.662957370281219e-9
7.318232953548431e-9
8.720485866069793e-9
1.1000581085681915e-8
1.2781322002410888e-8
1.2528693675994872e-8
1.1263281106948851e-8
1.0279642790555954e-8
1.0525593161582947e-8
1.168399378657341e-8
1.2352837622165679e-8
1.2622755765914916e-8
1.244877204298973e-8
1.197412684559822e-8
1.1260846257209778e-8
1.0317707061767578e-8
9.615038335323333e-9
9.184129536151885e-9
9.03266966342926e-9
8.434826880693436e-9
8.138485252857207e-9
8.125550299882888e-9
8.141663670539856e-9
8.323846757411956e-9
8.181922137737273e-9
8.22506695985794e-9
8.48555490374565e-9
8.663199096918106e-9
8.522725105285644e-9
8.21007639169693e-9
8.082108944654464e-9
8.129262179136275e-9
8.457174897193908e-9
9.172084927558898e-9
1.0072404891252518e-8
1.1307907849550246e-8
1.3259871304035187e-8
1.5676771104335783e-8
1.8436937034130095e-8
2.181338369846344e-8
2.6503512263298035e-8
3.36926132440567e-8
4.493313729763031e-8
5.5301392078399655e-8
6.382184624671936e-8
7.590721249580383e-8
8.118895292282105e-8
8.27957808971405e-8
8.40558111667633e-8
8.524399995803832e-8
8.623728156089783e-8
8.550450205802917e-8
8.232053518295288e-8
7.993482351303101e-8
7.86568284034729e-8
7.662811279296875e-8
7.369853854179382e-8
6.956507563591003e-8
6.432231068611144e-8
5.785072445869446e-8
5.150808095932007e-8
4.6251064538955685e-8
4.435743689537048e-8
4.5940482616424556e-8
4.853682219982147e-8
5.0093382596969604e-8
4.981970787048339e-8
4.8741254210472104e-8
2.082190290093422e-9
5.215999856591224e-9
7.05144926905632e-9
8.304635435342789e-9
9.584642946720124e-9
1.146872565150261e-8
1.4683498442173003e-8
1.9609270989894865e-8
2.559664249420166e-8
2.989962100982666e-8
3.1008830666542054e-8
3.294394314289093e-8
3.257111608982086e-8
3.1016799807548524e-8
3.334378004074097e-8
3.603877127170562e-8
3.6696651577949525e-8
3.4449923038482665e-8
2.9475310444831846e-8
2.3856210708618165e-8
1.8442848324775695e-8
1.3945595920085906e-8
1.0605041682720183e-8
8.340883255004883e-9
6.888987869024276e-9
6.000388786196709e-9
5.516177788376808e-9
5.33749870955944e-9
5.2918191999197e-9
5.293459072709083e-9
5.44118732213974e-9
5.7914007455110545e-9
6.283353269100189e-9
6.855963915586471e-9
7.78961032629013e-9
9.537886083126067e-9
1.1621099710464477e-8
1.2615159153938292e-8
1.2044622004032135e-8
1.0800333321094513e-8
9.928993135690688e-9
1.0276346653699874e-8
1.1464657634496688e-8
1.2144938856363295e-8
1.2413600832223892e-8
1.2265011668205261e-8
1.1694992333650588e-8
1.09613761305809e-8
1.0095112025737763e-8
9.383367747068405e-9
8.95840972661972e-9
8.873187005519867e-9
8.402858674526214e-9
8.046605437994003e-9
8.017686754465102e-9
8.11365321278572e-9
8.269322663545608e-9
8.135640621185302e-9
8.200173079967498e-9
8.463893830776214e-9
8.651616424322128e-9
8.544746041297912e-9
8.25888067483902e-9
8.121605217456818e-9
8.136986196041106e-9
8.392754197120666e-9
8.978732675313949e-9
9.854521602392196e-9
1.1137188225984573e-8
1.3044777512550354e-8
1.5399809181690216e-8
1.8200834095478055e-8
2.1663741767406462e-8
2.6333028078079223e-8
3.3397409319877624e-8
4.421447813510894e-8
5.4431331157684324e-8
6.338269710540771e-8
7.573529481887817e-8
8.099672198295593e-8
8.261907696723938e-8
8.404293656349182e-8
8.530158400535583e-8
8.620074987411498e-8
8.541284799575805e-8
8.240385651588439e-8
8.013119101524353e-8
7.871618866920471e-8
7.654763460159302e-8
7.35632836818695e-8
6.935653686523438e-8
6.407302618026733e-8
5.77514111995697e-8
5.1623231172561644e-8
4.6432134509086605e-8
4.446122348308563e-8
4.576456546783447e-8
4.840450286865234e-8
5.0137585401535034e-8
4.998798668384552e-8
4.912432432174682e-8
2.101343311369419e-9
5.24531677365303e-9
7.071717828512192e-9
8.344104140996933e-9
9.695125371217727e-9
1.1670956760644912e-8
1.4921756088733674e-8
1.9770672917366027e-8
2.545289397239685e-8
2.9079741239547727e-8
3.005754053592682e-8
3.3002683520317076e-8
3.297566473484039e-8
3.058209717273712e-8
3.278176188468933e-8
3.572171032428741e-8
3.6082810163497924e-8
3.3951157331466675e-8
2.9467889666557312e-8
2.408929467201233e-8
1.8698830902576444e-8
1.4158900082111358e-8
1.0780350118875503e-8
8.506929129362106e-9
7.021452486515045e-9
6.094663590192795e-9
5.606786906719207e-9
5.427126586437225e-9
5.33122718334198e-9
5.291864648461342e-9
5.4925397038459775e-9
5.93213178217411e-9
6.4648643136024476e-9
7.1521848440170286e-9
8.418813347816467e-9
1.0422084480524063e-8
1.2047115713357925e-8
1.2268143147230147e-8
1.1429697275161743e-8
1.0291581600904464e-8
9.595971554517745e-9
1.0065540671348571e-8
1.1299210041761398e-8
1.1985965073108672e-8
1.2244145572185516e-8
1.2065018713474273e-8
1.1391758173704146e-8
1.063532531261444e-8
9.839482605457306e-9
9.150923043489456e-9
8.744394034147262e-9
8.736444264650344e-9
8.3696149289608e-9
7.975563406944275e-9
7.920257747173308e-9
8.078319579362868e-9
8.245610445737838e-9
8.118199557065964e-9
8.20125937461853e-9
8.46288427710533e-9
8.646984398365021e-9
8.562135696411132e-9
8.305510133504867e-9
8.172844350337982e-9
8.158830553293228e-9
8.327946811914443e-9
8.78356471657753e-9
9.618747234344482e-9
1.0954508930444717e-8
1.2858082354068755e-8
1.5175938606262207e-8
1.8035109341144562e-8
2.162410467863083e-8
2.63176828622818e-8
3.322920203208923e-8
4.3571352958679195e-8
5.356078743934631e-8
6.291744709014892e-8
7.554152607917785e-8
8.079729080200195e-8
8.244151473045349e-8
8.402130007743834e-8
8.531187176704406e-8
8.605862259864806e-8
8.520873785018921e-8
8.243963718414307e-8
8.032934665679932e-8
7.876917123794555e-8
7.641593217849731e-8
7.33164131641388e-8
6.898539662361145e-8
6.365999579429626e-8
5.7549405097961426e-8
5.172833204269409e-8
4.6687760949134825e-8
4.467658400535583e-8
4.570552706718445e-8
4.83382761478424e-8
5.018934607505798e-8
5.012322068214416e-8
4.945951402187347e-8
2.1172141656279565e-9
5.269966274499893e-9
7.103114575147628e-9
8.40812548995018e-9
9.819488227367401e-9
1.1850479990243912e-8
1.510436087846756e-8
1.9837038218975066e-8
2.5191608071327207e-8
2.8430813550949095e-8
2.9483017325401304e-8
3.288430869579315e-8
3.3008345961570735e-8
3.0321902036666865e-8
3.23514461517334e-8
3.527709245681763e-8
3.5577571392059326e-8
3.357328772544861e-8
2.9402965307235715e-8
2.4256037175655364e-8
1.8929274380207062e-8
1.4370425045490264e-8
1.0963524878025054e-8
8.663901686668395e-9
7.149892300367355e-9
6.198886409401894e-9
5.69818839430809e-9
5.497965961694717e-9
5.3693041205406186e-9
5.323079228401184e-9
5.563962832093239e-9
6.065840646624565e-9
6.685784459114075e-9
7.554887980222702e-9
9.065508097410202e-9
1.1060693114995956e-8
1.2250105291604995e-8
1.198388487100601e-8
1.094183400273323e-8
9.8580464720726e-9
9.29335504770279e-9
9.850656986236571e-9
1.1122988909482955e-8
1.1820507049560547e-8
1.2065758556127547e-8
1.1838889867067336e-8
1.1117558926343918e-8
1.0348193347454071e-8
9.578611701726913e-9
8.925456553697586e-9
8.554210513830185e-9
8.60074758529663e-9
8.288294821977616e-9
7.91243016719818e-9
7.850518822669982e-9
8.022423088550568e-9
8.218070864677428e-9
8.10275226831436e-9
8.194392919540405e-9
8.461729437112808e-9
8.649660646915435e-9
8.578532934188842e-9
8.341024816036224e-9
8.213353157043456e-9
8.1692636013031e-9
8.267097175121307e-9
8.636587858200073e-9
9.418193250894546e-9
1.0751829296350479e-8
1.2663738429546355e-8
1.4980646967887876e-8
1.7874394357204436e-8
2.1534587442874907e-8
2.6242154836654663e-8
3.301197290420532e-8
4.304065406322479e-8
5.286200046539306e-8
6.242692470550537e-8
7.523832321166992e-8
8.057122826576233e-8
8.22822093963623e-8
8.397054672241211e-8
8.52766215801239e-8
8.594070672988891e-8
8.507235050201416e-8
8.246052265167235e-8
8.044589757919311e-8
7.879443764686583e-8
7.63033628463745e-8
7.308462858200073e-8
6.865342855453491e-8
6.332088112831115e-8
5.737164616584777e-8
5.1773965358734126e-8
4.686151146888733e-8
4.483479559421539e-8
4.572522044181823e-8
4.8320540785789486e-8
5.023502707481384e-8
5.0260818004608154e-8
4.973390400409698e-8
2.13056243956089e-9
5.296449363231659e-9
7.147114723920822e-9
8.487873524427413e-9
9.945130348205566e-9
1.2005186825990676e-8
1.5231226384639738e-8
1.9823060929775236e-8
2.4906174838542938e-8
2.792581617832184e-8
2.9056861996650695e-8
3.2678017020225524e-8
3.289296329021454e-8
3.0089667439460754e-8
3.19791704416275e-8
3.482996523380279e-8
3.5130220651626584e-8
3.325732052326202e-8
2.932373285293579e-8
2.4375344812870026e-8
1.913226544857025e-8
1.4576266705989836e-8
1.114521250128746e-8
8.818519860506057e-9
7.278180122375488e-9
6.3054271042346954e-9
5.785433575510978e-9
5.5625833570957185e-9
5.4146010428667065e-9
5.372205749154091e-9
5.648666247725487e-9
6.218736246228218e-9
6.959105283021927e-9
8.007429540157317e-9
9.64473858475685e-9
1.1528625339269637e-8
1.2347932904958724e-8
1.1723821610212326e-8
1.0538781434297561e-8
9.488078206777573e-9
9.016114473342895e-9
9.638575464487075e-9
1.0939810425043106e-8
1.1646688729524612e-8
1.1873978376388549e-8
1.1610656976699828e-8
1.0859053581953049e-8
1.0081560164690016e-8
9.329493343830107e-9
8.707887679338454e-9
8.374802023172378e-9
8.460976183414459e-9
8.192679286003113e-9
7.841944694519042e-9
7.787903398275375e-9
7.968711853027344e-9
8.18208009004593e-9
8.084509521722794e-9
8.185400813817978e-9
8.459237962961196e-9
8.654424548149109e-9
8.594458550214766e-9
8.369630575180053e-9
8.243182301521301e-9
8.172816038131713e-9
8.214534819126128e-9
8.515650779008865e-9
9.244470298290252e-9
1.055515706539154e-8
1.2465701997280121e-8
1.4793136715888976e-8
1.771426647901535e-8
2.1414902806282042e-8
2.6119688153266904e-8
3.2774916291236874e-8
4.258046448230743e-8
5.227078199386596e-8
6.193887591361999e-8
7.487673163414001e-8
8.031811118125915e-8
8.211719393730164e-8
8.389420509338378e-8
8.521533608436585e-8
8.583979606628417e-8
8.49747896194458e-8
8.246809244155883e-8
8.051028847694396e-8
7.879703044891357e-8
7.619797587394714e-8
7.286993265151978e-8
6.835933327674865e-8
6.303359270095825e-8
5.720949172973633e-8
5.178025960922241e-8
4.6975976228713986e-8
4.495680928230285e-8
4.577765464782715e-8
4.833935797214508e-8
5.0289994478225703e-8
5.0392806529998776e-8
4.996445178985595e-8
2.1383771672844887e-9
5.317901074886322e-9
7.178593426942825e-9
8.558830618858336e-9
1.0065728425979614e-8
1.2127648293972015e-8
1.527627557516098e-8
1.9671478867530822e-8
2.44906947016716e-8
2.7373132109642028e-8
2.8533613681793212e-8
3.255742192268371e-8
3.296846151351929e-8
2.992480397224426e-8
3.166364133358002e-8
3.441973328590393e-8
3.481381833553314e-8
3.30281525850296e-8
2.921922504901886e-8
2.4438023567199706e-8
1.929715573787689e-8
1.476500779390335e-8
1.1321660876274109e-8
8.971625566482543e-9
7.411552220582962e-9
6.416342407464981e-9
5.867474898695945e-9
5.622464790940284e-9
5.460899695754051e-9
5.435369163751602e-9
5.767749994993209e-9
6.4135864377021785e-9
7.277114689350128e-9
8.48843976855278e-9
1.017763689160347e-8
1.1847142875194549e-8
1.2312713265419005e-8
1.1455384641885757e-8
1.01795956492424e-8
9.162966907024383e-9
8.77854824066162e-9
9.444423019886017e-9
1.0745823383331299e-8
1.1460639536380767e-8
1.1667925864458084e-8
1.1375033855438232e-8
1.0616080462932586e-8
9.843003749847411e-9
9.112657606601714e-9
8.51614475250244e-9
8.208412677049636e-9
8.32439363002777e-9
8.098391443490981e-9
7.777868956327438e-9
7.737423479557036e-9
7.922542840242385e-9
8.149358630180359e-9
8.068634569644927e-9
8.1752710044384e-9
8.455029129981995e-9
8.65127071738243e-9
8.598918467760085e-9
8.391978591680527e-9
8.271464705467223e-9
8.17253217101097e-9
8.168496936559676e-9
8.431710302829743e-9
9.120520204305649e-9
1.0395150631666183e-8
1.2280461937189102e-8
1.4610867202281951e-8
1.7534819245338438e-8
2.1251986920833587e-8
2.599930465221405e-8
3.260127902030945e-8
4.2210793495178224e-8
5.175936222076416e-8
6.147194504737853e-8
7.444682121276855e-8
8.001570105552674e-8
8.194246888160706e-8
8.381064534187317e-8
8.514356017112731e-8
8.574679493904113e-8
8.489705324172973e-8
8.243628144264221e-8
8.048619031906128e-8
7.872952818870544e-8
7.605681419372558e-8
7.264009714126587e-8
6.80732250213623e-8
6.278484463691711e-8
5.706340074539184e-8
5.175164937973022e-8
4.7046509385108946e-8
4.5067101716995236e-8
4.584848582744598e-8
4.834170043468475e-8
5.0302374362945554e-8
5.05215048789978e-8
5.0190323591232294e-8
2.113413996994495e-9
5.2714355289936065e-9
7.060653716325759e-9
8.515449613332748e-9
1.017313152551651e-8
1.218307465314865e-8
1.5059460699558258e-8
1.890041381120682e-8
2.3163238167762757e-8
2.5935131311416625e-8
2.692504823207855e-8
3.313834965229034e-8
3.475729525089264e-8
3.025510609149933e-8
3.161967396736145e-8
3.413338363170624e-8
3.511894643306732e-8
3.315283954143524e-8
2.898532748222351e-8
2.4302747845649717e-8
1.9344714283943176e-8
1.4892858266830444e-8
1.1477966606616973e-8
9.123025834560393e-9
7.578220218420028e-9
6.561067700386047e-9
5.934759229421615e-9
5.65376952290535e-9
5.470833927392959e-9
5.519106984138488e-9
6.026633083820343e-9
6.718637049198151e-9
7.652824372053147e-9
9.142998605966567e-9
1.0843107849359511e-8
1.184632033109665e-8
1.179956942796707e-8
1.1000972241163253e-8
9.767726808786391e-9
8.850509673357009e-9
8.662344515323639e-9
9.33554396033287e-9
1.0509932786226273e-8
1.1247055232524872e-8
1.141393557190895e-8
1.1091340333223343e-8
1.0408989340066909e-8
9.702104330062865e-9
9.038088470697403e-9
8.443035185337067e-9
8.101240545511245e-9
8.221722394227982e-9
8.063969761133194e-9
7.793066650629044e-9
7.766620069742202e-9
7.922174036502837e-9
8.157876133918762e-9
8.097026497125625e-9
8.171769231557846e-9
8.442243188619613e-9
8.594331145286559e-9
8.53375643491745e-9
8.40165689587593e-9
8.33478569984436e-9
8.17391276359558e-9
8.131681382656098e-9
8.486058562994004e-9
9.207962453365326e-9
1.0411564260721205e-8
1.217205598950386e-8
1.445416212081909e-8
1.725454479455948e-8
2.0942424237728117e-8
2.608267068862915e-8
3.2909151911735536e-8
4.2171761393547054e-8
5.1364624500274655e-8
6.106696128845215e-8
7.375126481056213e-8
7.952398657798767e-8
8.17875325679779e-8
8.381083011627198e-8
8.510090112686157e-8
8.564059138298034e-8
8.481193780899048e-8
8.219729661941528e-8
8.006978631019593e-8
7.828940749168395e-8
7.56499409675598e-8
7.220371961593628e-8
6.764172315597534e-8
6.256332993507385e-8
5.6955671310424805e-8
5.165140032768249e-8
4.7076863050460815e-8
4.5254087448120115e-8
4.595646262168884e-8
4.808554351329803e-8
4.996093213558197e-8
5.064923167228698e-8
5.057571530342102e-8
2.091361954808235e-9
5.2024710923433305e-9
6.996145844459533e-9
8.513353019952774e-9
1.0213853418827057e-8
1.2145221978425978e-8
1.4748160541057587e-8
1.816580593585968e-8
2.2021959722042083e-8
2.460458278656006e-8
2.5975215435028077e-8
3.331091701984405e-8
3.576976954936981e-8
3.080673515796661e-8
3.168652057647705e-8
3.407877087593078e-8
3.52227121591568e-8
3.320728242397308e-8
2.8881332278251646e-8
2.421038746833801e-8
1.9370694458484648e-8
1.5005166828632355e-8
1.162232682108879e-8
9.28044617176056e-9
7.732582092285156e-9
6.684352457523345e-9
6.011842191219329e-9
5.6893888860940934e-9
5.5154424160718915e-9
5.6441564112901685e-9
6.255193054676055e-9
7.0456638932228086e-9
8.122928440570831e-9
9.734579175710677e-9
1.1236036568880081e-8
1.1792051792144774e-8
1.1441990733146667e-8
1.0562120378017425e-8
9.402084350585937e-9
8.602005243301391e-9
8.502920717000962e-9
9.184974431991577e-9
1.0319611430168151e-8
1.1016269773244857e-8
1.116589531302452e-8
1.084558144211769e-8
1.0203748196363448e-8
9.561594575643539e-9
8.94201174378395e-9
8.360874652862548e-9
8.010907471179962e-9
8.136717230081557e-9
8.0178864300251e-9
7.792086154222489e-9
7.781822234392166e-9
7.93532058596611e-9
8.168543875217438e-9
8.109103143215179e-9
8.177218586206435e-9
8.421662449836731e-9
8.552805334329605e-9
8.492705225944519e-9
8.396629989147185e-9
8.360190689563751e-9
8.188794553279877e-9
8.133849501609801e-9
8.513086289167404e-9
9.261821210384369e-9
1.0422316938638687e-8
1.2099019438028334e-8
1.4290414750576019e-8
1.7023484408855437e-8
2.0742058753967283e-8
2.6074981689453122e-8
3.303721845149994e-8
4.2136940360069275e-8
5.10761559009552e-8
6.067062616348266e-8
7.313799858093262e-8
7.908145785331725e-8
8.157669901847839e-8
8.374253511428832e-8
8.504028916358947e-8
8.554165959358215e-8
8.469808101654053e-8
8.195298314094543e-8
7.969666719436645e-8
7.787666320800781e-8
7.523850202560424e-8
7.178397178649903e-8
6.725643873214721e-8
6.232143044471741e-8
5.6817030906677244e-8
5.157258510589599e-8
4.709889590740204e-8
4.5360940694808956e-8
4.600436389446258e-8
4.793406426906586e-8
4.976029098033905e-8
5.070520639419556e-8
5.085530281066894e-8
2.0671844482421875e-9
5.147875100374221e-9
6.959029287099838e-9
8.511029183864593e-9
1.0208047926425934e-8
1.2028908729553221e-8
1.4389915764331816e-8
1.7473283410072325e-8
2.1001772582530973e-8
2.3497115075588226e-8
2.5261396169662474e-8
3.330633044242859e-8
3.639922142028808e-8
3.1290850043296814e-8
3.1866532564163204e-8
3.4119331836700435e-8
3.527621328830719e-8
3.32256555557251e-8
2.8826403617858885e-8
2.415889948606491e-8
1.9394971430301664e-8
1.5102970600128173e-8
1.1760093271732329e-8
9.431881457567214e-9
7.876865565776825e-9
6.800386309623718e-9
6.087728217244148e-9
5.7418707758188244e-9
5.587569996714592e-9
5.782678350806236e-9
6.4944364130496976e-9
7.406245172023773e-9
8.603651076555251e-9
1.0221192240715027e-8
1.1500274389982223e-8
1.1718946695327758e-8
1.112869307398796e-8
1.0183107852935791e-8
9.079818427562713e-9
8.370000123977661e-9
8.330999314785003e-9
9.023260325193405e-9
1.0128826647996902e-8
1.0793809592723846e-8
1.0927063226699828e-8
1.0616002976894379e-8
1.0010380297899246e-8
9.415874630212783e-9
8.836031705141067e-9
8.273138105869293e-9
7.927799969911576e-9
8.060773462057114e-9
7.969830185174942e-9
7.777974009513854e-9
7.78956264257431e-9
7.94827491044998e-9
8.180594444274902e-9
8.118624240159988e-9
8.178105205297469e-9
8.405526727437972e-9
8.520002663135528e-9
8.461760729551315e-9
8.385896682739257e-9
8.370658755302428e-9
8.204006403684615e-9
8.14732015132904e-9
8.536835014820098e-9
9.292972832918167e-9
1.0426922887563705e-8
1.2035505473613738e-8
1.4147847890853882e-8
1.683259457349777e-8
2.0580950379371642e-8
2.6025325059890746e-8
3.3067309856414793e-8
4.2079848051071165e-8
5.083691477775574e-8
6.030036211013794e-8
7.259831428527831e-8
7.867012619972229e-8
8.13304603099823e-8
8.362770676612853e-8
8.495732545852661e-8
8.54374885559082e-8
8.456409573554993e-8
8.170984387397766e-8
7.935293912887573e-8
7.748523354530334e-8
7.483381628990173e-8
7.138119339942931e-8
6.689811944961548e-8
6.207101941108704e-8
5.666285157203674e-8
5.1495438814163205e-8
4.710437953472137e-8
4.541888833045959e-8
4.602342247962951e-8
4.7841006517410274e-8
4.964074194431305e-8
5.073491930961609e-8
5.105441212654114e-8
2.044544368982315e-9
5.107653886079788e-9
6.933190673589706e-9
8.496821671724319e-9
1.015818566083908e-8
1.1858753114938736e-8
1.4008401334285736e-8
1.6819557547569275e-8
2.0098377764225005e-8
2.256910055875778e-8
2.4666172266006468e-8
3.32046240568161e-8
3.679505288600922e-8
3.167940378189087e-8
3.208901286125183e-8
3.421459197998047e-8
3.532406091690063e-8
3.323359191417694e-8
2.879526913166046e-8
2.4134786427021025e-8
1.9424740970134734e-8
1.5193201601505277e-8
1.1889471858739852e-8
9.575697034597397e-9
8.01330879330635e-9
6.910689175128936e-9
6.167281046509742e-9
5.809618905186653e-9
5.67871667444706e-9
5.93775175511837e-9
6.753630936145782e-9
7.784279435873032e-9
9.055697172880172e-9
1.0623743385076523e-8
1.168638914823532e-8
1.162678599357605e-8
1.0849810391664505e-8
9.851392358541489e-9
8.792033791542053e-9
8.149444311857224e-9
8.155493438243866e-9
8.854464441537857e-9
9.937398880720138e-9
1.0577192902565002e-8
1.0699064284563064e-8
1.0398654639720917e-8
9.824621677398682e-9
9.269208461046219e-9
8.723454177379609e-9
8.182178437709808e-9
7.847601175308227e-9
7.989983260631562e-9
7.920888811349869e-9
7.756749540567398e-9
7.789839059114456e-9
7.95856937766075e-9
8.19224938750267e-9
8.126602321863174e-9
8.177674561738967e-9
8.391571789979934e-9
8.494416624307632e-9
8.436046540737151e-9
8.373178541660309e-9
8.373987674713134e-9
8.216605335474014e-9
8.16373974084854e-9
8.558026701211929e-9
9.313566982746123e-9
1.0423523187637329e-8
1.19783453643322e-8
1.4025898277759552e-8
1.667250245809555e-8
2.0439177751541138e-8
2.595071196556091e-8
3.303990364074707e-8
4.199724793434143e-8
5.061967372894287e-8
5.995773673057556e-8
7.211903929710388e-8
7.828179597854614e-8
8.106343150138854e-8
8.34796667098999e-8
8.485132455825805e-8
8.532231450080871e-8
8.441503047943115e-8
8.146998286247253e-8
7.90300965309143e-8
7.711187005043029e-8
7.444095611572266e-8
7.099454998970031e-8
6.655749082565308e-8
6.181807518005371e-8
5.649958252906799e-8
5.1411974430084224e-8
4.7091966867446896e-8
4.5445084571838376e-8
4.6027398109436035e-8
4.778173863887787e-8
4.956906139850616e-8
5.075520873069763e-8
5.119598507881164e-8
1.987914554774761e-9
5.005672946572304e-9
6.8010389804840085e-9
8.416488021612167e-9
1.0045325011014938e-8
1.1548639833927154e-8
1.3373273611068725e-8
1.5946848690509797e-8
1.897916942834854e-8
2.162177562713623e-8
2.5100755691528318e-8
3.4201285243034364e-8
3.6366769671440125e-8
3.170678019523621e-8
3.220788538455963e-8
3.460575938224792e-8
3.526291847229004e-8
3.3197996020317074e-8
2.8965812921524048e-8
2.4218183755874634e-8
1.945609897375107e-8
1.523745208978653e-8
1.2012455612421035e-8
9.711206704378128e-9
8.110696822404862e-9
6.968197971582412e-9
6.2539927661418914e-9
5.9318661689758294e-9
5.822708457708359e-9
6.1916735023260115e-9
7.078438997268677e-9
8.174525201320648e-9
9.589630365371703e-9
1.0985884815454483e-8
1.1569304764270783e-8
1.1286403238773346e-8
1.051105111837387e-8
9.47519838809967e-9
8.486993610858917e-9
7.98681229352951e-9
8.084065467119216e-9
8.780186623334884e-9
9.712622314691543e-9
1.0214570909738541e-8
1.0396132618188858e-8
1.0194962471723556e-8
9.709715843200683e-9
9.212172776460647e-9
8.685743808746337e-9
8.178085833787917e-9
7.857897877693176e-9
7.984507828950882e-9
7.87462219595909e-9
7.70149528980255e-9
7.735539972782134e-9
7.932917028665543e-9
8.179957419633865e-9
8.14058631658554e-9
8.19690003991127e-9
8.377708494663238e-9
8.506812900304794e-9
8.427460491657256e-9
8.345241844654084e-9
8.33972692489624e-9
8.258969336748122e-9
8.235595375299454e-9
8.550413697957992e-9
9.324603527784347e-9
1.0463766753673553e-8
1.1991146951913834e-8
1.4071212708950042e-8
1.684543788433075e-8
2.0489560067653655e-8
2.5743886828422544e-8
3.3237963914871215e-8
4.2001372575759885e-8
4.991579353809357e-8
5.9459745883941646e-8
7.198399305343627e-8
7.793471217155456e-8
8.050733804702759e-8
8.300021290779114e-8
8.45068097114563e-8
8.510656356811523e-8
8.430058956146239e-8
8.138296604156494e-8
7.887012362480164e-8
7.672590613365173e-8
7.373353242874145e-8
7.026870250701904e-8
6.598842740058898e-8
6.122526526451111e-8
5.58292269706726e-8
5.113607048988342e-8
4.7382947802543635e-8
4.566117525100708e-8
4.606061279773712e-8
4.824157059192657e-8
5.0199764966964717e-8
5.09771466255188e-8
5.128797888755798e-8
1.917496137320995e-9
4.8620563000440595e-9
6.6383630037307735e-9
8.282159268856048e-9
9.854984283447265e-9
1.1140497773885727e-8
1.2662617862224578e-8
1.4999409019947052e-8
1.7858897149562836e-8
2.0844031870365143e-8
2.576940357685089e-8
3.53082150220871e-8
3.6042717099189755e-8
3.152901232242584e-8
3.2279521226882935e-8
3.497112989425659e-8
3.525421321392059e-8
3.319675028324127e-8
2.9170364141464233e-8
2.435881048440933e-8
1.950499564409256e-8
1.5281641483306884e-8
1.2117237597703933e-8
9.827937930822371e-9
8.185718208551407e-9
7.01843723654747e-9
6.346172839403152e-9
6.0786131769418716e-9
6.023596972227096e-9
6.491990387439728e-9
7.444583624601364e-9
8.615215867757797e-9
1.0093931108713149e-8
1.120854765176773e-8
1.1330513656139373e-8
1.0867127776145934e-8
1.0113155096769333e-8
9.099907428026198e-9
8.203885704278946e-9
7.851018011569976e-9
8.048420399427414e-9
8.716371655464172e-9
9.47379544377327e-9
9.836417436599731e-9
1.0061542689800262e-8
9.988393634557723e-9
9.619827568531036e-9
9.193658083677291e-9
8.697164803743362e-9
8.219653367996216e-9
7.911787927150726e-9
8.010654151439666e-9
7.84270241856575e-9
7.633931934833526e-9
7.660546898841857e-9
7.8810915350914e-9
8.15567672252655e-9
8.149586617946624e-9
8.217163383960724e-9
8.381835371255875e-9
8.523934334516524e-9
8.429241925477982e-9
8.315193653106689e-9
8.308485895395279e-9
8.298754692077636e-9
8.307986706495285e-9
8.56160819530487e-9
9.33503359556198e-9
1.0515829920768737e-8
1.206264942884445e-8
1.422777771949768e-8
1.712811291217804e-8
2.0620636641979217e-8
2.5644168257713316e-8
3.342526257038116e-8
4.1943711042404175e-8
4.916251599788665e-8
5.892842411994934e-8
7.189343571662902e-8
7.755948901176452e-8
7.98584520816803e-8
8.237785696983337e-8
8.403179049491882e-8
8.482281565666198e-8
8.418633341789245e-8
8.134803771972655e-8
7.875500321388244e-8
7.631590366363525e-8
7.291621565818787e-8
6.939412355422973e-8
6.524757742881775e-8
6.043879389762879e-8
5.4986763000488277e-8
5.074973106384277e-8
4.766358733177185e-8
4.595930278301239e-8
4.6245294809341426e-8
4.891900718212128e-8
5.109416246414184e-8
5.1392549276351925e-8
5.144498944282531e-8
1.8557477742433548e-9
4.73058633506298e-9
6.5001666545867914e-9
8.122603595256804e-9
9.604692459106446e-9
1.0714189708232879e-8
1.2023241817951201e-8
1.4153826236724854e-8
1.694759279489517e-8
2.0300820469856263e-8
2.5978800654411315e-8
3.59278678894043e-8
3.6153942346572876e-8
3.145169913768768e-8
3.234876096248627e-8
3.5156401991844174e-8
3.534263968467712e-8
3.3262783288955687e-8
2.9303449392318723e-8
2.448471039533615e-8
1.9578979909420014e-8
1.5349842607975005e-8
1.220848262310028e-8
9.925529360771179e-9
8.264372497797011e-9
7.091565430164337e-9
6.446090340614318e-9
6.231347471475601e-9
6.246295198798179e-9
6.79120197892189e-9
7.82918632030487e-9
9.064037352800369e-9
1.0472149401903151e-8
1.1312123388051987e-8
1.1131512373685836e-8
1.0511079430580139e-8
9.729417413473129e-9
8.767365664243698e-9
7.964568585157394e-9
7.71477222442627e-9
7.972675561904907e-9
8.602958917617797e-9
9.24847349524498e-9
9.528542309999466e-9
9.761127084493637e-9
9.776625782251358e-9
9.510303288698196e-9
9.157336503267288e-9
8.705309033393859e-9
8.252747356891631e-9
7.951842993497848e-9
8.030471205711364e-9
7.822396606206893e-9
7.579638063907623e-9
7.596463710069656e-9
7.828440517187118e-9
8.12922716140747e-9
8.14826413989067e-9
8.228371292352676e-9
8.395186066627502e-9
8.53201076388359e-9
8.428249508142471e-9
8.297831565141678e-9
8.297155797481536e-9
8.31959694623947e-9
8.350721746683121e-9
8.595441281795502e-9
9.357787668704987e-9
1.0558833926916122e-8
1.2149714678525924e-8
1.438431143760681e-8
1.732535362243652e-8
2.0743124186992644e-8
2.5680598616600034e-8
3.347071707248688e-8
4.1791501641273495e-8
4.86575573682785e-8
5.8484816551208495e-8
7.1634042263031e-8
7.713691592216491e-8
7.929425835609436e-8
8.181837797164917e-8
8.357241153717041e-8
8.452634811401367e-8
8.403534293174743e-8
8.12553882598877e-8
7.857648730278015e-8
7.589526176452637e-8
7.219979763031005e-8
6.859448552131652e-8
6.44881248474121e-8
5.967540740966797e-8
5.428456664085388e-8
5.037583708763122e-8
4.772837162017822e-8
4.619351625442505e-8
4.654521942138672e-8
4.949725866317749e-8
5.181641578674316e-8
5.187742114067077e-8
5.1713722944259644e-8
1.8005795776844024e-9
4.614893347024918e-9
6.3623465597629545e-9
7.93905034661293e-9
9.321670234203337e-9
1.0288888216018676e-8
1.1434536427259445e-8
1.3415977358818054e-8
1.6197085380554198e-8
1.9826753437519073e-8
2.5986057519912718e-8
3.6294302344322206e-8
3.635175824165344e-8
3.1487083435058594e-8
3.241579830646515e-8
3.528339564800262e-8
3.545033633708954e-8
3.3358559012413026e-8
2.9418861865997312e-8
2.4596250057220458e-8
1.9666133821010588e-8
1.5428270399570466e-8
1.2295179814100264e-8
1.0014289617538452e-8
8.346870541572571e-9
7.176194339990616e-9
6.557569652795791e-9
6.396471709012985e-9
6.4778544008731835e-9
7.102894783020019e-9
8.221656084060668e-9
9.470496326684952e-9
1.076226606965065e-8
1.1360371112823486e-8
1.0942620784044266e-8
1.0190391540527343e-8
9.382517635822296e-9
8.4692545235157e-9
7.75008276104927e-9
7.576125860214234e-9
7.86733701825142e-9
8.465149253606796e-9
9.03472900390625e-9
9.25941988825798e-9
9.493100643157958e-9
9.56888198852539e-9
9.387575834989548e-9
9.107078611850737e-9
8.703571557998657e-9
8.277681469917296e-9
7.98242688179016e-9
8.046261966228484e-9
7.807470858097076e-9
7.53679871559143e-9
7.5407974421978e-9
7.779034227132797e-9
8.09912458062172e-9
8.140278607606887e-9
8.234866708517075e-9
8.406004309654236e-9
8.539539575576782e-9
8.426462858915328e-9
8.288781344890594e-9
8.292468637228012e-9
8.33379253745079e-9
8.382079005241394e-9
8.629310131072997e-9
9.39066782593727e-9
1.0606974363327026e-8
1.2238790094852447e-8
1.4525142312049864e-8
1.7487968504428863e-8
2.0865927636623382e-8
2.5741589069366454e-8
3.346477448940277e-8
4.161711931228637e-8
4.82765793800354e-8
5.808979868888855e-8
7.129169702529907e-8
7.669422626495361e-8
7.877573370933533e-8
8.130180239677429e-8
8.313234448432921e-8
8.422129750251769e-8
8.385050296783446e-8
8.111307621002197e-8
7.835215330123901e-8
7.547226548194885e-8
7.155141234397888e-8
6.785112023353576e-8
6.374166011810302e-8
5.894742608070373e-8
5.3660172224044794e-8
5.000489950180054e-8
4.7682461142539976e-8
4.63625967502594e-8
4.685935974121093e-8
5.0017100572586056e-8
5.244503021240234e-8
5.238263607025146e-8
5.2064204216003415e-8
1.7518818378448486e-9
4.512607678771019e-9
6.2168944627046585e-9
7.716906815767287e-9
9.014085680246353e-9
9.848527610301971e-9
1.0906682163476943e-8
1.2802065908908843e-8
1.555824428796768e-8
1.9413767755031586e-8
2.612912356853485e-8
3.662629723548889e-8
3.625883758068085e-8
3.1473323702812195e-8
3.2484957575798034e-8
3.54227751493454e-8
3.5614269971847534e-8
3.351012468338013e-8
2.953019142150879e-8
2.4669677019119262e-8
1.9722688198089597e-8
1.5511412918567657e-8
1.2385010719299316e-8
1.0101298987865447e-8
8.431290090084076e-9
7.275091111660003e-9
6.683806329965591e-9
6.56026229262352e-9
6.731060147285461e-9
7.445183396339416e-9
8.614755421876907e-9
9.84572097659111e-9
1.0960974544286727e-8
1.1305464059114456e-8
1.0723598301410674e-8
9.890813380479812e-9
9.066678583621979e-9
8.199488371610642e-9
7.565943896770477e-9
7.451959699392318e-9
7.744810730218886e-9
8.31005796790123e-9
8.822371810674667e-9
9.010420739650727e-9
9.252972155809402e-9
9.369392693042755e-9
9.266646951436997e-9
9.049513936042786e-9
8.691491186618804e-9
8.314640074968338e-9
8.035922795534133e-9
8.062449842691421e-9
7.794640213251113e-9
7.511906325817107e-9
7.512765377759933e-9
7.750109583139419e-9
8.070168644189834e-9
8.12794342637062e-9
8.232080191373824e-9
8.418302983045577e-9
8.546460419893264e-9
8.418520539999009e-9
8.278869837522506e-9
8.284626156091689e-9
8.336953073740005e-9
8.398273587226867e-9
8.64749252796173e-9
9.398014098405838e-9
1.0633856803178787e-8
1.233886182308197e-8
1.4671629667282103e-8
1.7640639841556548e-8
2.10438072681427e-8
2.596672475337982e-8
3.358900547027588e-8
4.141463339328766e-8
4.7972768545150757e-8
5.787789225578308e-8
7.093246579170226e-8
7.61942446231842e-8
7.83375859260559e-8
8.091292381286621e-8
8.279131054878234e-8
8.394216895103454e-8
8.358988165855408e-8
8.079630136489868e-8
7.790470123291015e-8
7.485303282737732e-8
7.082201838493347e-8
6.71167254447937e-8
6.293777227401733e-8
5.813024044036865e-8
5.3065723180770874e-8
4.969857335090637e-8
4.758651256561279e-8
4.643523097038269e-8
4.7126626968383786e-8
5.050949454307556e-8
5.3073173761367794e-8
5.2938127517700196e-8
5.2492463588714596e-8
1.7110215499997138e-9
4.451474919915199e-9
6.0431558638811106e-9
7.3622837662696834e-9
8.638232201337815e-9
9.28540974855423e-9
1.0497981309890747e-8
1.2450454384088516e-8
1.5014861524105072e-8
1.924600899219513e-8
2.790365219116211e-8
3.746123313903808e-8
3.437168896198273e-8
3.067681193351745e-8
3.2489049434661865e-8
3.576972782611847e-8
3.614304065704346e-8
3.396631777286529e-8
2.9640185832977295e-8
2.4520887434482574e-8
1.954964995384216e-8
1.5584996342658995e-8
1.2506799399852752e-8
1.0195259749889373e-8
8.51614773273468e-9
7.41770938038826e-9
6.83775395154953e-9
6.665046513080597e-9
7.070960104465485e-9
7.94176161289215e-9
9.071195125579834e-9
1.0257838666439056e-8
1.0890527069568634e-8
1.079096496105194e-8
1.027349904179573e-8
9.560309350490569e-9
8.759264647960662e-9
7.947596162557602e-9
7.486139237880706e-9
7.445505261421203e-9
7.621929794549941e-9
8.122308552265166e-9
8.569173514842986e-9
8.739654719829559e-9
9.049078822135925e-9
9.18051227927208e-9
9.198361635208129e-9
9.01489183306694e-9
8.677223324775696e-9
8.48732814192772e-9
8.285734057426452e-9
8.107078820466994e-9
7.775914669036865e-9
7.562565803527831e-9
7.625263929367064e-9
7.840998470783233e-9
8.063952624797821e-9
8.11542272567749e-9
8.201314508914947e-9
8.454827964305878e-9
8.55622962117195e-9
8.361295610666275e-9
8.235556632280349e-9
8.233977109193802e-9
8.283102512359619e-9
8.348467946052551e-9
8.563847094774246e-9
9.207252413034438e-9
1.0482938587665558e-8
1.2513001263141632e-8
1.4939045906066895e-8
1.7858479917049406e-8
2.165425568819046e-8
2.7335357666015625e-8
3.4665071964263914e-8
4.104413390159607e-8
4.77811187505722e-8
5.8711677789688105e-8
7.067668437957763e-8
7.537727952003479e-8
7.828490734100342e-8
8.121847510337829e-8
8.301184773445129e-8
8.385493159294128e-8
8.294234871864318e-8
7.949564456939697e-8
7.611964344978332e-8
7.28921353816986e-8
6.924338340759278e-8
6.61389946937561e-8
6.157998442649841e-8
5.652230381965637e-8
5.2355790138244626e-8
4.979795515537262e-8
4.7532171010971065e-8
4.620824158191681e-8
4.720258116722107e-8
5.1086509227752686e-8
5.4049044847488403e-8
5.38178265094757e-8
5.3118103742599485e-8
1.6781343147158622e-9
4.349464178085327e-9
5.834732949733734e-9
7.06537663936615e-9
8.221250027418135e-9
8.858535438776016e-9
1.0084695369005203e-8
1.2052793800830841e-8
1.4666895568370818e-8
1.9370153546333313e-8
2.8760942816734314e-8
3.782379627227783e-8
3.357803821563721e-8
3.000383675098419e-8
3.2344764471054074e-8
3.60348105430603e-8
3.6585795879364015e-8
3.433343768119812e-8
2.9761043190956115e-8
2.4444821476936338e-8
1.9477514922618867e-8
1.5609979629516602e-8
1.2603440880775451e-8
1.0293678939342498e-8
8.626323193311692e-9
7.549208402633666e-9
6.971984356641769e-9
6.8765439093112946e-9
7.412516325712203e-9
8.387491106987e-9
9.522546082735061e-9
1.0476607084274291e-8
1.0748865455389022e-8
1.0422738641500473e-8
9.871779382228852e-9
9.218285977840422e-9
8.474988490343094e-9
7.753162086009979e-9
7.3862932622432706e-9
7.37570971250534e-9
7.513652741909027e-9
7.93875828385353e-9
8.337094634771347e-9
8.503922820091247e-9
8.832456171512604e-9
9.022606909275055e-9
9.097583591938018e-9
8.974335342645645e-9
8.708054572343825e-9
8.614715188741683e-9
8.447062969207763e-9
8.205166459083557e-9
7.802506536245346e-9
7.60849118232727e-9
7.708789408206939e-9
7.909351587295533e-9
8.089179545640946e-9
8.101204782724381e-9
8.197280019521713e-9
8.460123091936111e-9
8.553580194711684e-9
8.331041038036345e-9
8.186770230531692e-9
8.185280859470367e-9
8.231501281261445e-9
8.287566900253296e-9
8.466090261936187e-9
9.073562175035476e-9
1.0405178368091582e-8
1.259285658597946e-8
1.5164457261562347e-8
1.8211884796619413e-8
2.233705371618271e-8
2.8368324041366575e-8
3.544362783432007e-8
4.1110414266586304e-8
4.7836744785308834e-8
5.9104293584823603e-8
7.043507695198059e-8
7.490381002426146e-8
7.82334566116333e-8
8.136581778526306e-8
8.312103748321532e-8
8.367484211921692e-8
8.225051760673523e-8
7.825372219085694e-8
7.44853913784027e-8
7.114146947860717e-8
6.773785352706909e-8
6.496921181678772e-8
6.027902960777283e-8
5.522028207778931e-8
5.1603680849075316e-8
4.95932400226593e-8
4.743489325046539e-8
4.610281586647033e-8
4.7300556302070615e-8
5.156992077827454e-8
5.487274527549743e-8
5.4660475254058834e-8
5.3828799724578854e-8
1.6422875225543975e-9
4.2241185903549194e-9
5.628705397248268e-9
6.765588372945785e-9
7.848889380693435e-9
8.4692545235157e-9
9.697849303483962e-9
1.1685103178024291e-8
1.4435772597789763e-8
1.947770118713379e-8
2.9224854707717893e-8
3.8014379143714906e-8
3.317528963088989e-8
2.9545146226882934e-8
3.217319250106811e-8
3.621287941932678e-8
3.694240152835846e-8
3.464163243770599e-8
2.988688051700592e-8
2.4429839849472044e-8
1.9444940984249115e-8
1.5635645389556882e-8
1.2680669128894805e-8
1.039605513215065e-8
8.741932362318038e-9
7.677315920591354e-9
7.137400656938552e-9
7.118257880210876e-9
7.762913405895232e-9
8.81340280175209e-9
9.878995269536972e-9
1.0601048171520233e-8
1.0599119961261749e-8
1.0104482620954514e-8
9.51506569981575e-9
8.89373943209648e-9
8.217471837997436e-9
7.576224207878113e-9
7.273090630769729e-9
7.283809036016464e-9
7.3941737413406365e-9
7.767118513584136e-9
8.124338835477829e-9
8.283844590187072e-9
8.630844205617904e-9
8.863355964422226e-9
8.994130045175552e-9
8.932700753211975e-9
8.739722520112991e-9
8.71688425540924e-9
8.577720075845718e-9
8.304929733276367e-9
7.860265672206878e-9
7.65945166349411e-9
7.774551212787628e-9
7.969508320093155e-9
8.117418736219405e-9
8.10401514172554e-9
8.193165063858031e-9
8.459512889385223e-9
8.54465588927269e-9
8.304555714130402e-9
8.145047724246978e-9
8.136259764432907e-9
8.178237080574036e-9
8.220058679580688e-9
8.374745398759842e-9
8.973056823015212e-9
1.0351037979125977e-8
1.2655094265937804e-8
1.5377944707870482e-8
1.861559897661209e-8
2.300014644861221e-8
2.9216513037681577e-8
3.611277639865875e-8
4.1370198130607606e-8
4.7993081808090205e-8
5.9305518865585325e-8
7.024291157722473e-8
7.461175918579102e-8
7.817509174346923e-8
8.141879439353942e-8
8.313320875167846e-8
8.34096610546112e-8
8.152995705604553e-8
7.707070112228393e-8
7.297986149787903e-8
6.95442259311676e-8
6.628981828689575e-8
6.37185275554657e-8
5.9033644199371336e-8
5.408114194869995e-8
5.084047317504883e-8
4.922845661640167e-8
4.726995825767517e-8
4.6033427119255065e-8
4.7413012385368346e-8
5.199387669563293e-8
5.559245347976684e-8
5.545961260795593e-8
5.4581642150878905e-8
1.6009073704481124e-9
4.0914081037044525e-9
5.4171439260244365e-9
6.48113340139389e-9
7.50424936413765e-9
8.113184571266175e-9
9.340599179267883e-9
1.1364856362342834e-8
1.4252327382564544e-8
1.9533023238182066e-8
2.9484084248542785e-8
3.812104761600494e-8
3.2944312691688535e-8
2.9241704940795898e-8
3.2027095556259156e-8
3.633116483688354e-8
3.7224254012107844e-8
3.4903356432914734e-8
3.001753389835357e-8
2.4451757967472074e-8
1.9442272186279297e-8
1.5665669739246367e-8
1.2753130495548248e-8
1.0496655851602553e-8
8.859472721815109e-9
7.817807048559188e-9
7.323867082595825e-9
7.381372898817062e-9
8.115796744823456e-9
9.196112304925918e-9
1.015990749001503e-8
1.0667548328638076e-8
1.044493019580841e-8
9.818416088819504e-9
9.19164940714836e-9
8.596481382846833e-9
7.979977130889892e-9
7.407092303037643e-9
7.152434438467026e-9
7.1770228445529935e-9
7.2684809565544125e-9
7.602309435606003e-9
7.926782220602035e-9
8.079573512077332e-9
8.439525961875915e-9
8.708015829324722e-9
8.889114111661911e-9
8.88979285955429e-9
8.764179050922394e-9
8.801665157079697e-9
8.689448237419128e-9
8.403807878494262e-9
7.930522412061691e-9
7.717219740152359e-9
7.8336201608181e-9
8.021942526102065e-9
8.148989826440811e-9
8.113633096218108e-9
8.192726969718933e-9
8.455090969800949e-9
8.532790839672089e-9
8.27944278717041e-9
8.106859028339386e-9
8.08892548084259e-9
8.122571557760239e-9
8.151666074991225e-9
8.292257785797119e-9
8.892355114221573e-9
1.0312917828559874e-8
1.2717171013355255e-8
1.5593421459197996e-8
1.9026999175548553e-8
2.3622223734855652e-8
2.99575001001358e-8
3.673287034034729e-8
4.1714796423912046e-8
4.8192638158798214e-8
5.942970514297485e-8
7.010360956192016e-8
7.441986799240112e-8
7.81083881855011e-8
8.140789270401001e-8
8.306224942207336e-8
8.307312130928039e-8
8.079161643981933e-8
7.59425401687622e-8
7.158253788948059e-8
6.806432008743286e-8
6.489498019218445e-8
6.244680285453796e-8
5.783736705780029e-8
5.303424000740051e-8
5.00779926776886e-8
4.877462685108185e-8
4.704199731349945e-8
4.595869183540344e-8
4.752334356307983e-8
5.237475633621216e-8
5.6238257884979245e-8
5.621615648269653e-8
5.534785985946655e-8
1.5492031350731848e-9
3.927900642156601e-9
5.226495116949081e-9
6.2389537692070004e-9
7.093057036399841e-9
7.800555229187012e-9
9.113362431526184e-9
1.1199124157428741e-8
1.4503982663154601e-8
2.082107365131378e-8
3.037161231040954e-8
3.659279346466064e-8
3.200865089893341e-8
2.8807252645492554e-8
3.208445310592651e-8
3.640117943286896e-8
3.743582665920257e-8
3.516626358032226e-8
3.020694553852081e-8
2.455553114414215e-8
1.9489941000938415e-8
1.5655073523521422e-8
1.2770506739616393e-8
1.0557959228754043e-8
8.911147713661194e-9
7.876771688461304e-9
7.552755624055863e-9
7.788136601448058e-9
8.548466116189956e-9
9.56813246011734e-9
1.0277971625328064e-8
1.0471059381961822e-8
1.0148733109235762e-8
9.587145596742629e-9
8.992388099431992e-9
8.401352912187575e-9
7.805757224559784e-9
7.316811382770538e-9
7.074829190969467e-9
6.981616467237472e-9
7.076063007116318e-9
7.480964064598084e-9
7.819407433271407e-9
7.889121025800704e-9
8.231116086244582e-9
8.65083634853363e-9
8.737609535455704e-9
8.733483403921127e-9
8.786571770906449e-9
8.868657052516937e-9
8.747023344039916e-9
8.582487702369689e-9
8.143066614866256e-9
7.820247858762741e-9
7.978265732526779e-9
8.127251267433166e-9
8.18406343460083e-9
8.203818649053573e-9
8.284616470336914e-9
8.431480824947358e-9
8.440499752759934e-9
8.237837255001067e-9
8.067015558481216e-9
8.047858625650406e-9
8.065389096736908e-9
8.093368262052535e-9
8.251214772462844e-9
8.940966427326202e-9
1.0496090352535247e-8
1.2917052209377288e-8
1.5935973823070527e-8
1.9709910452365873e-8
2.476115971803665e-8
3.058672249317169e-8
3.6393845081329346e-8
4.197441041469574e-8
5.007424354553222e-8
6.096171736717224e-8
6.9486004114151e-8
7.4100923538208e-8
7.805035710334777e-8
8.115453124046325e-8
8.241747617721557e-8
8.217170238494873e-8
7.964173555374145e-8
7.490922212600708e-8
7.038041353225708e-8
6.624895334243774e-8
6.27174437046051e-8
6.020180583000183e-8
5.61125636100769e-8
5.207908749580383e-8
4.972794950008392e-8
4.8666313290596005e-8
4.675634503364563e-8
4.5751979947090145e-8
4.7880947589874264e-8
5.31327486038208e-8
5.6898957490921015e-8
5.6944227218627925e-8
5.614240765571594e-8
1.4903661794960498e-9
3.769398480653763e-9
5.042919516563415e-9
5.980453640222549e-9
6.728951632976532e-9
7.514973729848862e-9
8.949049562215805e-9
1.120428815484047e-8
1.5134185552597047e-8
2.2424270212650298e-8
3.1044578552246095e-8
3.489547073841095e-8
3.071651458740234e-8
2.8279596567153928e-8
3.2102328538894653e-8
3.647356331348419e-8
3.7616774439811706e-8
3.5417929291725155e-8
3.0422618985176084e-8
2.469792813062668e-8
1.9550964236259458e-8
1.5643101930618286e-8
1.2764984369277953e-8
1.0580858588218688e-8
8.927340805530548e-9
7.942365109920501e-9
7.81668946146965e-9
8.241871744394303e-9
9.00897979736328e-9
9.874500334262847e-9
1.0266237705945968e-8
1.0183937102556228e-8
9.826552122831343e-9
9.37485322356224e-9
8.845669776201247e-9
8.26190933585167e-9
7.688874006271362e-9
7.253570109605789e-9
6.980016082525253e-9
6.78035095334053e-9
6.8771854043006895e-9
7.366129010915756e-9
7.727740705013275e-9
7.72608295083046e-9
8.061040192842484e-9
8.57151448726654e-9
8.589312434196472e-9
8.567260205745696e-9
8.761392533779144e-9
8.914284408092499e-9
8.819004148244857e-9
8.782169222831725e-9
8.394954353570938e-9
7.995831966400146e-9
8.152160793542862e-9
8.25669765472412e-9
8.26202854514122e-9
8.324401825666426e-9
8.388278633356094e-9
8.405515551567077e-9
8.340382575988768e-9
8.17333310842514e-9
8.025229722261428e-9
8.005232363939285e-9
8.013184368610381e-9
8.048193901777266e-9
8.256463706493378e-9
9.072661399841308e-9
1.0767604410648346e-8
1.3239194452762603e-8
1.6423390805721284e-8
2.0596835017204284e-8
2.594481110572815e-8
3.1017521023750304e-8
3.597790598869324e-8
4.2444306612014767e-8
5.249744057655334e-8
6.275676488876343e-8
6.898567676544189e-8
7.380996346473693e-8
7.786871790885925e-8
8.06917905807495e-8
8.146132826805115e-8
8.098959922790527e-8
7.831864356994629e-8
7.384750843048095e-8
6.913408041000367e-8
6.425862312316894e-8
6.024219989776612e-8
5.762058496475219e-8
5.4168951511383054e-8
5.107507705688476e-8
4.9453723430633544e-8
4.865395426750183e-8
4.652719497680664e-8
4.557705521583557e-8
4.8292759060859675e-8
5.39871335029602e-8
5.76311707496643e-8
5.768904685974121e-8
5.694504380226135e-8
1.4320548623800277e-9
3.628236427903175e-9
4.845741391181946e-9
5.717620998620987e-9
6.440198421478271e-9
7.263881713151931e-9
8.807889372110366e-9
1.1328621953725815e-8
1.5776260197162627e-8
2.3418791592121124e-8
3.131671845912933e-8
3.393097519874572e-8
2.9705011844635007e-8
2.7753680944442747e-8
3.196244239807129e-8
3.653392195701599e-8
3.778653740882873e-8
3.564227819442749e-8
3.062373995780945e-8
2.483144998550415e-8
1.9608661532402038e-8
1.5654800832271574e-8
1.276947408914566e-8
1.059473380446434e-8
8.966307342052459e-9
8.06964337825775e-9
8.09870883822441e-9
8.651594072580337e-9
9.410203248262405e-9
1.009257510304451e-8
1.0220656543970108e-8
9.957429021596909e-9
9.566769748926162e-9
9.164986759424209e-9
8.685792237520217e-9
8.130346238613129e-9
7.587625831365585e-9
7.16361403465271e-9
6.8562448024749754e-9
6.617820262908935e-9
6.714729964733123e-9
7.233865559101104e-9
7.605209201574325e-9
7.588784396648407e-9
7.923772186040878e-9
8.440613746643066e-9
8.461683243513106e-9
8.451343327760697e-9
8.707089722156524e-9
8.941970765590667e-9
8.919110149145125e-9
8.957400918006897e-9
8.60835239291191e-9
8.194801211357116e-9
8.31567719578743e-9
8.385831862688064e-9
8.371806889772415e-9
8.426418900489807e-9
8.450766652822494e-9
8.392179757356643e-9
8.27653855085373e-9
8.107735961675644e-9
7.976656407117843e-9
7.959812879562377e-9
7.967335730791091e-9
8.01933854818344e-9
8.287135511636734e-9
9.205394238233565e-9
1.1010903865098953e-8
1.3603818416595459e-8
1.698993891477585e-8
2.144513577222824e-8
2.6814693212509155e-8
3.1419751048088075e-8
3.6097383499145506e-8
4.321623742580414e-8
5.424562692642212e-8
6.402621865272522e-8
6.895173788070679e-8
7.367979884147644e-8
7.755925059318543e-8
8.014673590660095e-8
8.05461287498474e-8
7.986605167388915e-8
7.707886695861816e-8
7.268468141555786e-8
6.774381399154663e-8
6.236055493354797e-8
5.8013266324996943e-8
5.534549951553344e-8
5.2370619773864746e-8
4.997901618480682e-8
4.8965609073638915e-8
4.847498536109924e-8
4.636261761188507e-8
4.551335871219635e-8
4.8602366447448726e-8
5.4672729969024656e-8
5.8388274908065795e-8
5.846072435379028e-8
5.774297714233398e-8
1.376812905073166e-9
3.488035127520561e-9
4.647235199809074e-9
5.4762821644544596e-9
6.1877105385065075e-9
7.053291052579879e-9
8.717023581266403e-9
1.1501729488372803e-8
1.630423069000244e-8
2.40793839097023e-8
3.144656121730804e-8
3.3286428451538086e-8
2.8947222232818602e-8
2.7267611026763913e-8
3.1756746768951415e-8
3.6550348997116086e-8
3.793458342552185e-8
3.58451247215271e-8
3.0809146165847776e-8
2.4956995248794555e-8
1.9670845568180084e-8
1.5677557885646818e-8
1.2780871987342834e-8
1.0617328435182571e-8
9.03344303369522e-9
8.229849487543105e-9
8.386826515197753e-9
9.027770161628722e-9
9.744363278150558e-9
1.0252054780721663e-8
1.0166914761066437e-8
9.767206758260726e-9
9.342505037784575e-9
8.966303616762161e-9
8.525652438402176e-9
8.003986626863479e-9
7.483220100402831e-9
7.058428227901458e-9
6.729781627655029e-9
6.472735852003097e-9
6.569686532020569e-9
7.097144424915313e-9
7.474678009748458e-9
7.46043100953102e-9
7.791713625192642e-9
8.308187127113342e-9
8.338681608438492e-9
8.351917564868926e-9
8.654826134443282e-9
8.961288630962372e-9
9.015557169914246e-9
9.121820330619812e-9
8.807502686977387e-9
8.386231213808059e-9
8.482677489519119e-9
8.52215215563774e-9
8.48599299788475e-9
8.517416566610337e-9
8.49834755063057e-9
8.383852243423462e-9
8.228197693824767e-9
8.049803972244262e-9
7.924824208021164e-9
7.913763076066971e-9
7.9283207654953e-9
8.006124198436737e-9
8.331960439682007e-9
9.33861806988716e-9
1.125767007470131e-8
1.3997735083103179e-8
1.7582665383815763e-8
2.2212262451648712e-8
2.7546697854995726e-8
3.1884747743606564e-8
3.650790154933929e-8
4.406642317771912e-8
5.560979843139648e-8
6.502941250801086e-8
6.913363337516784e-8
7.361335754394531e-8
7.720496058464049e-8
7.956013083457946e-8
7.965543270111084e-8
7.878111600875854e-8
7.587947845458984e-8
7.145061492919922e-8
6.628628969192505e-8
6.055207848548889e-8
5.5984234809875487e-8
5.33075749874115e-8
5.069451332092285e-8
4.883957803249359e-8
4.833243489265442e-8
4.816896617412567e-8
4.61966872215271e-8
4.549128115177154e-8
4.886152148246765e-8
5.52562415599823e-8
5.912356376647949e-8
5.923763513565063e-8
5.854259729385376e-8
1.3259275816380978e-9
3.343520313501358e-9
4.458221420645714e-9
5.265706032514572e-9
5.974655598402023e-9
6.894709914922714e-9
8.681827038526535e-9
1.1702333390712737e-8
1.6855093836784362e-8
2.464905083179474e-8
3.148682117462158e-8
3.2704073190689086e-8
2.8245842456817626e-8
2.6806858181953428e-8
3.151994347572326e-8
3.6560529470443725e-8
3.8059452176094056e-8
3.5979536175727844e-8
3.091163635253906e-8
2.504458725452423e-8
1.9741028547286986e-8
1.5726734697818757e-8
1.282636821269989e-8
1.0661157965660094e-8
9.139525145292281e-9
8.471249043941497e-9
8.700471371412277e-9
9.359054267406464e-9
1.000610589981079e-8
1.0329852998256682e-8
1.0090987384319304e-8
9.595309942960739e-9
9.153278172016143e-9
8.793537318706511e-9
8.38020071387291e-9
7.890306413173675e-9
7.391748577356338e-9
6.953735649585724e-9
6.603985279798508e-9
6.350302696228027e-9
6.435852497816086e-9
6.949438154697418e-9
7.336826622486114e-9
7.345817238092422e-9
7.691571861505509e-9
8.188138902187347e-9
8.236495405435562e-9
8.285196125507354e-9
8.590955287218094e-9
8.946876972913742e-9
9.106931835412978e-9
9.24730747938156e-9
8.954966813325882e-9
8.572404831647873e-9
8.658933639526366e-9
8.668483048677444e-9
8.614818751811981e-9
8.604023605585098e-9
8.512129634618758e-9
8.346311748027801e-9
8.18471759557724e-9
8.022307604551314e-9
7.896977663040161e-9
7.879134267568588e-9
7.909829914569855e-9
8.027305454015732e-9
8.426112681627273e-9
9.52298194169998e-9
1.155603751540184e-8
1.4438584446907043e-8
1.8210980296134948e-8
2.294430136680603e-8
2.8130674362182617e-8
3.239564001560211e-8
3.71511846780777e-8
4.50241208076477e-8
5.6710988283157344e-8
6.576173305511474e-8
6.938115358352661e-8
7.350960969924927e-8
7.671214938163757e-8
7.886747121810913e-8
7.884803414344787e-8
7.784109115600585e-8
7.477965354919434e-8
7.017184495925903e-8
6.470217704772949e-8
5.873938202857971e-8
5.406264662742615e-8
5.1428252458572385e-8
4.916572570800781e-8
4.7774887084960935e-8
4.7651016712188716e-8
4.778780937194824e-8
4.6021568775177e-8
4.545921385288238e-8
4.901853501796722e-8
5.569176077842712e-8
5.979962348937988e-8
5.998948216438293e-8
5.932978987693786e-8
1.2907340191304682e-9
3.1699374318122864e-9
4.2891684919595715e-9
5.1455408334732054e-9
5.8445218950510026e-9
6.85938149690628e-9
8.769743889570236e-9
1.2104850262403488e-8
1.826876848936081e-8
2.577228844165802e-8
3.128358125686645e-8
3.141149580478668e-8
2.6894432306289673e-8
2.614559233188629e-8
3.12287837266922e-8
3.675568103790283e-8
3.81809800863266e-8
3.576801717281341e-8
3.054437637329101e-8
2.4902284145355223e-8
1.9839562475681302e-8
1.5911224484443664e-8
1.3053533434867859e-8
1.0768643021583557e-8
9.377378225326538e-9
9.154129028320312e-9
9.187284857034684e-9
9.594003856182098e-9
1.0084063559770584e-8
1.0106822848320007e-8
9.876048564910888e-9
9.405962377786637e-9
9.05119925737381e-9
8.722728490829468e-9
8.30857753753662e-9
7.861889898777008e-9
7.417429238557816e-9
6.892994791269302e-9
6.482370942831039e-9
6.3084408640861505e-9
6.317024677991866e-9
6.72813057899475e-9
7.162278890609741e-9
7.3127679526805875e-9
7.775750756263733e-9
8.145876973867417e-9
8.245669305324554e-9
8.381342142820358e-9
8.430908620357512e-9
8.738210052251816e-9
9.19084995985031e-9
9.165113419294356e-9
8.826176822185516e-9
8.746019005775452e-9
8.89151394367218e-9
8.856935799121856e-9
8.840229362249375e-9
8.695998787879943e-9
8.33907201886177e-9
8.101622760295867e-9
8.113887906074523e-9
8.162859827280044e-9
8.026578277349471e-9
7.922357320785521e-9
7.992709428071975e-9
8.222585916519165e-9
8.812694996595382e-9
1.0040144622325897e-8
1.2157773971557616e-8
1.5102304518222807e-8
1.9110944867134095e-8
2.375488579273224e-8
2.8094810247421262e-8
3.276873528957367e-8
3.845008611679077e-8
4.6668884158134456e-8
5.740014910697937e-8
6.55824899673462e-8
6.943800449371338e-8
7.297203540802001e-8
7.537270784378052e-8
7.760218381881714e-8
7.849535346031189e-8
7.772367000579833e-8
7.422025799751282e-8
6.884959936141968e-8
6.243062019348145e-8
5.641030073165893e-8
5.189537405967712e-8
4.95131105184555e-8
4.80013221502304e-8
4.729591608047485e-8
4.7243419289588924e-8
4.751060307025909e-8
4.595840275287628e-8
4.532170593738556e-8
4.869091212749481e-8
5.5529046058654784e-8
6.025237441062927e-8
6.060409545898437e-8
6.00253164768219e-8
1.2432102113962174e-9
3.0395155772566795e-9
4.144171625375748e-9
5.012265592813492e-9
5.754662305116653e-9
6.839815527200698e-9
8.916199207305908e-9
1.2675103545188903e-8
1.9268208742141722e-8
2.6555925607681274e-8
3.109786212444305e-8
3.041034936904907e-8
2.59028285741806e-8
2.550244629383087e-8
3.093019723892212e-8
3.677061796188354e-8
3.8202878832817076e-8
3.559741079807281e-8
3.030320405960083e-8
2.4787881970405578e-8
1.9899308681488035e-8
1.6080226004123686e-8
1.322881281375885e-8
1.096259132027626e-8
9.740783274173737e-9
9.651919454336166e-9
9.634280204772948e-9
9.833090752363205e-9
1.0081842541694641e-8
9.966625273227691e-9
9.674850106239318e-9
9.248936176300048e-9
8.939856290817261e-9
8.643336594104766e-9
8.254435658454894e-9
7.842808216810225e-9
7.392442226409912e-9
6.83068111538887e-9
6.410025060176849e-9
6.216863170266151e-9
6.187931075692176e-9
6.5604485571384425e-9
7.024650275707244e-9
7.274779677391052e-9
7.780217379331588e-9
8.159436285495757e-9
8.266448229551315e-9
8.364754915237427e-9
8.337929844856262e-9
8.641157299280166e-9
9.128572791814804e-9
9.120656549930571e-9
8.811740577220916e-9
8.842749893665313e-9
9.093116968870163e-9
9.073527157306671e-9
9.008216112852097e-9
8.731123059988022e-9
8.222423493862151e-9
7.948370277881622e-9
8.065328747034072e-9
8.234405517578125e-9
8.128218352794647e-9
8.006883412599563e-9
8.10825303196907e-9
8.458499610424042e-9
9.19555053114891e-9
1.0553117096424103e-8
1.276320219039917e-8
1.582704484462738e-8
1.9906944036483763e-8
2.431261837482452e-8
2.8421729803085325e-8
3.337207734584808e-8
3.957732319831848e-8
4.7881016135215756e-8
5.8027333021163936e-8
6.562620997428894e-8
6.934325695037842e-8
7.233844995498656e-8
7.427485585212707e-8
7.659076452255248e-8
7.803273797035216e-8
7.735570669174194e-8
7.34735071659088e-8
6.745447516441345e-8
6.040924191474914e-8
5.429221391677856e-8
4.990565776824951e-8
4.779228270053863e-8
4.682081639766693e-8
4.662582576274872e-8
4.67996746301651e-8
4.7223165631294246e-8
4.580934345722198e-8
4.516540169715881e-8
4.847360849380493e-8
5.544624328613281e-8
6.057446002960205e-8
6.114224195480347e-8
6.068534255027771e-8
1.1952527798712253e-9
2.927788905799389e-9
4.013675823807716e-9
4.89552617073059e-9
5.680847913026809e-9
6.854682415723801e-9
9.132177382707595e-9
1.3209398090839386e-8
2.0057590305805207e-8
2.7105286717414856e-8
3.091705143451691e-8
2.9639920592308045e-8
2.5120505690574644e-8
2.4937516450881957e-8
3.060706555843353e-8
3.667512834072113e-8
3.814979791641235e-8
3.545264303684234e-8
3.012958467006683e-8
2.4703057110309598e-8
1.9946980476379393e-8
1.621856540441513e-8
1.3411545753479004e-8
1.1214003711938858e-8
1.010453850030899e-8
1.0106663405895233e-8
1.001949906349182e-8
1.0030801594257355e-8
1.008652076125145e-8
9.840045124292372e-9
9.510774165391922e-9
9.102555364370346e-9
8.83062183856964e-9
8.56562852859497e-9
8.207203447818756e-9
7.811214774847031e-9
7.3529556393623346e-9
6.774165481328964e-9
6.333880871534348e-9
6.118279695510864e-9
6.061485409736633e-9
6.420236825942993e-9
6.913599371910095e-9
7.221199572086334e-9
7.773216813802719e-9
8.171532303094863e-9
8.271482586860656e-9
8.334238082170486e-9
8.269695192575455e-9
8.559215813875199e-9
9.060944616794585e-9
9.080826491117478e-9
8.824345469474792e-9
8.937804400920868e-9
9.269329160451889e-9
9.269917011260987e-9
9.144610166549683e-9
8.750934153795242e-9
8.140674978494643e-9
7.848619669675826e-9
8.028122782707214e-9
8.27978327870369e-9
8.214928954839706e-9
8.10888558626175e-9
8.26098844408989e-9
8.71669352054596e-9
9.587576240301131e-9
1.1065632104873657e-8
1.3387812674045563e-8
1.6538086533546447e-8
2.0600564777851105e-8
2.4863280355930327e-8
2.89142370223999e-8
3.407825231552124e-8
4.056546986103058e-8
4.885098040103912e-8
5.8598351478576655e-8
6.573954224586486e-8
6.916227340698242e-8
7.170075178146362e-8
7.334676384925842e-8
7.572556138038635e-8
7.74828851222992e-8
7.680361866950988e-8
7.258396744728088e-8
6.603757739067077e-8
5.8567065000534056e-8
5.2359259128570554e-8
4.80847418308258e-8
4.621020257472992e-8
4.5643875002861024e-8
4.5853275060653685e-8
4.6296000480651857e-8
4.6897771954536434e-8
4.560876190662384e-8
4.4998639822006226e-8
4.831324815750122e-8
5.540863871574402e-8
6.083033680915832e-8
6.161530613899231e-8
6.129483580589295e-8
1.1499826796352863e-9
2.8273355215787885e-9
3.898932039737701e-9
4.794281721115112e-9
5.628681182861328e-9
6.906415522098541e-9
9.37160775065422e-9
1.369165927171707e-8
2.068965286016464e-8
2.7503329515457153e-8
3.07474821805954e-8
2.903040051460266e-8
2.4488535523414612e-8
2.44450181722641e-8
3.0272915959358217e-8
3.650717735290527e-8
3.804360926151276e-8
3.531864583492279e-8
2.99967348575592e-8
2.4642150104045866e-8
1.9989009201526642e-8
1.634620279073715e-8
1.3608002662658691e-8
1.1486898362636566e-8
1.0468147695064545e-8
1.0522717237472534e-8
1.0355812311172485e-8
1.0201266407966613e-8
1.008841097354889e-8
9.734151512384414e-9
9.36652272939682e-9
8.969747275114059e-9
8.725637197494506e-9
8.491715043783187e-9
8.15771073102951e-9
7.771556824445724e-9
7.3077641427516935e-9
6.714187562465667e-9
6.255298107862472e-9
6.017567589879036e-9
5.943725258111954e-9
6.298874318599701e-9
6.8147294223308564e-9
7.16649442911148e-9
7.757040113210677e-9
8.174272626638412e-9
8.266084641218185e-9
8.302132785320282e-9
8.210638910531997e-9
8.488380163908004e-9
8.997929841279983e-9
9.049636125564574e-9
8.847147971391678e-9
9.032382071018219e-9
9.429097920656203e-9
9.44056287407875e-9
9.258703142404556e-9
8.768985420465468e-9
8.084895461797715e-9
7.780318707227707e-9
8.001752197742462e-9
8.314835280179977e-9
8.29537734389305e-9
8.225686848163605e-9
8.439414203166962e-9
8.996646851301193e-9
9.989355504512787e-9
1.1586999893188477e-8
1.4013265073299407e-8
1.7214687168598174e-8
2.125212103128433e-8
2.5441905856132506e-8
2.9499033093452452e-8
3.481564819812774e-8
4.14482057094574e-8
4.966993629932403e-8
5.91116726398468e-8
6.58581018447876e-8
6.893649697303772e-8
7.109373807907105e-8
7.253745198249816e-8
7.494354248046875e-8
7.686152458190917e-8
7.61136770248413e-8
7.159093022346497e-8
6.462580561637878e-8
5.686208605766296e-8
5.0587373971939084e-8
4.641342759132385e-8
4.473797678947448e-8
4.448421597480774e-8
4.502345621585846e-8
4.5733934640884394e-8
4.6525335311889647e-8
4.536857306957245e-8
4.4822314381599424e-8
4.81817215681076e-8
5.539556145668029e-8
6.104861497879028e-8
6.203465461730957e-8
6.184988021850586e-8
1.125827617943287e-9
2.7499197050929066e-9
3.800145164132118e-9
4.709901660680771e-9
5.640368163585663e-9
7.0698395371437065e-9
9.710584580898284e-9
1.4461556077003479e-8
2.1234942972660062e-8
2.7086931467056274e-8
3.0035415291786195e-8
2.8701597452163695e-8
2.4389468133449552e-8
2.4143113195896148e-8
2.983970046043396e-8
3.6080038547515865e-8
3.770366609096527e-8
3.52619856595993e-8
2.9843568801879884e-8
2.4592137336730957e-8
2.0137920975685118e-8
1.6635537147521973e-8
1.3906486332416533e-8
1.1915644258260726e-8
1.1041862517595291e-8
1.0746797919273376e-8
1.0536330938339233e-8
1.034766137599945e-8
1.002148762345314e-8
9.627871215343475e-9
9.20945256948471e-9
8.882409334182739e-9
8.674218505620956e-9
8.45540314912796e-9
8.140511065721511e-9
7.735661417245864e-9
7.198432087898254e-9
6.5918743610382075e-9
6.175974011421203e-9
5.870268866419792e-9
5.774825066328048e-9
6.188467890024185e-9
6.825260818004608e-9
7.244904339313507e-9
7.796639204025269e-9
8.247632533311843e-9
8.282424509525298e-9
8.229149878025054e-9
8.241571485996245e-9
8.523070067167281e-9
8.910576254129409e-9
8.91842246055603e-9
8.88935700058937e-9
9.217989444732665e-9
9.528124332427977e-9
9.544859081506728e-9
9.284393489360808e-9
8.716277033090592e-9
8.073503524065017e-9
7.790556550025939e-9
8.000581711530685e-9
8.30850452184677e-9
8.340783417224884e-9
8.32972452044487e-9
8.560309559106827e-9
9.193354099988938e-9
1.0262311995029448e-8
1.1949115991592406e-8
1.4753185212612151e-8
1.8166758120059967e-8
2.1900305151939393e-8
2.599760890007019e-8
3.0326291918754575e-8
3.5949158668518064e-8
4.259845912456512e-8
5.023511052131653e-8
5.855684280395508e-8
6.485890746116638e-8
6.809573173522949e-8
7.061490416526794e-8
7.241580486297607e-8
7.454243302345276e-8
7.599064111709594e-8
7.479349374771118e-8
7.015977501869201e-8
6.367003321647644e-8
5.6311744451522823e-8
4.96528685092926e-8
4.5324984192848205e-8
4.355055689811706e-8
4.308640360832214e-8
4.355225563049316e-8
4.449050724506378e-8
4.608375430107116e-8
4.545040428638458e-8
4.49283629655838e-8
4.8767948150634765e-8
5.602059960365295e-8
6.126195192337035e-8
6.235960125923157e-8
6.216704249382019e-8
1.1095300316810607e-9
2.6877060532569885e-9
3.718306869268417e-9
4.659318178892135e-9
5.701406672596931e-9
7.293253391981124e-9
1.0168630629777908e-8
1.5219509601593017e-8
2.1554817259311674e-8
2.6447540521621704e-8
2.920258641242981e-8
2.8438127040863037e-8
2.4426254630088806e-8
2.3945099115371703e-8
2.94063001871109e-8
3.554801046848297e-8
3.7284755706787105e-8
3.514538109302521e-8
2.9717075824737546e-8
2.4575813114643095e-8
2.03392818570137e-8
1.6987568140029906e-8
1.4309705793857574e-8
1.2450508773326874e-8
1.1586289852857589e-8
1.0954926162958145e-8
1.0644416511058807e-8
1.0415685921907425e-8
9.9521167576313e-9
9.505130350589752e-9
9.078686684370041e-9
8.81352573633194e-9
8.647571504116057e-9
8.443504571914672e-9
8.130470663309097e-9
7.678732275962829e-9
7.0682354271411895e-9
6.457183510065078e-9
6.061327457427978e-9
5.709697306156158e-9
5.60695081949234e-9
6.102282553911209e-9
6.880071014165878e-9
7.368351519107818e-9
7.89589211344719e-9
8.339425176382064e-9
8.300091326236724e-9
8.196573704481124e-9
8.293794095516205e-9
8.570248633623123e-9
8.823882788419724e-9
8.800959587097168e-9
8.93811658024788e-9
9.386826306581496e-9
9.625587612390518e-9
9.591798484325408e-9
9.260261803865432e-9
8.658869564533233e-9
8.075211942195892e-9
7.825023680925369e-9
8.009862899780272e-9
8.299961686134338e-9
8.372846245765685e-9
8.408625423908234e-9
8.656643331050873e-9
9.33518186211586e-9
1.046205535531044e-8
1.2312513589859008e-8
1.5541987121105194e-8
1.915237307548523e-8
2.260526716709137e-8
2.6657634973526e-8
3.130747377872467e-8
3.722337186336517e-8
4.3710455298423765e-8
5.0479590892791746e-8
5.7534062862396236e-8
6.341544985771179e-8
6.700441241264342e-8
7.01723277568817e-8
7.249448299407959e-8
7.422949075698853e-8
7.500702738761902e-8
7.327417135238647e-8
6.868361234664916e-8
6.296163797378539e-8
5.619421601295471e-8
4.9171215295791624e-8
4.456439912319183e-8
4.250461459159851e-8
4.163496792316436e-8
4.187591075897217e-8
4.3013009428977966e-8
4.5482537150382996e-8
4.5557150244712825e-8
4.5238730311393735e-8
4.964219033718109e-8
5.691667199134827e-8
6.161017417907714e-8
6.266326308250428e-8
6.23753011226654e-8
1.0897801257669924e-9
2.6319084689021108e-9
3.6574862897396087e-9
4.642792791128159e-9
5.78552633523941e-9
7.536843419075011e-9
1.0622107982635497e-8
1.573150008916855e-8
2.171163409948349e-8
2.6040372252464294e-8
2.861984670162201e-8
2.8117009997367858e-8
2.4298062920570373e-8
2.3745377361774445e-8
2.903437614440918e-8
3.5076969861984254e-8
3.69096040725708e-8
3.49425733089447e-8
2.962367534637451e-8
2.4599592387676237e-8
2.0528452098369598e-8
1.7316511273384094e-8
1.4749498665332793e-8
1.2955281138420104e-8
1.2011745572090149e-8
1.1217835545539855e-8
1.0765425115823746e-8
1.0439415276050567e-8
9.89655628800392e-9
9.395334124565125e-9
8.977731317281722e-9
8.746609091758728e-9
8.615275472402573e-9
8.42723473906517e-9
8.099346607923507e-9
7.60289803147316e-9
6.955859810113906e-9
6.3343718647956846e-9
5.92571422457695e-9
5.565239116549492e-9
5.479910224676132e-9
6.041306629776955e-9
6.913380324840546e-9
7.461103051900863e-9
7.99962505698204e-9
8.40861052274704e-9
8.322462439537048e-9
8.209642767906189e-9
8.31855833530426e-9
8.570463210344314e-9
8.767250925302504e-9
8.754414319992065e-9
8.979352563619613e-9
9.494175761938095e-9
9.72476452589035e-9
9.627459943294524e-9
9.244672209024429e-9
8.6342915892601e-9
8.073173463344574e-9
7.840114831924438e-9
8.019725233316421e-9
8.312343806028366e-9
8.411555737257004e-9
8.480899780988692e-9
8.764297515153885e-9
9.486562758684159e-9
1.07060007750988e-8
1.2771904468536377e-8
1.628824919462204e-8
2.0003244280815125e-8
2.337673306465149e-8
2.7456140518188475e-8
3.2299989461898803e-8
3.832925260066986e-8
4.452555477619171e-8
5.053142309188843e-8
5.670867562294006e-8
6.225560307502747e-8
6.606903672218322e-8
6.969528794288634e-8
7.232726812362671e-8
7.37666130065918e-8
7.405090928077698e-8
7.194387912750244e-8
6.744475364685058e-8
6.223690509796143e-8
5.582149028778076e-8
4.866088926792145e-8
4.3819355964660645e-8
4.1480195522308346e-8
4.0318104624748226e-8
4.041365981101989e-8
4.172600209712982e-8
4.4760200381278986e-8
4.5452237129211424e-8
4.55205887556076e-8
5.0329577922821044e-8
5.768575668334961e-8
6.209517121315002e-8
6.301856040954589e-8
6.261821985244751e-8
1.0691138915717602e-9
2.584676258265972e-9
3.6177244037389754e-9
4.6516563743352885e-9
5.89347630739212e-9
7.79082179069519e-9
1.1007292568683623e-8
1.610402315855026e-8
2.1802887320518492e-8
2.575350999832153e-8
2.81779408454895e-8
2.7784517407417297e-8
2.4097360670566556e-8
2.3526161909103393e-8
2.869754731655121e-8
3.465763032436371e-8
3.655333817005157e-8
3.472136855125427e-8
2.9535987973213195e-8
2.4643506109714507e-8
2.0716772973537443e-8
1.7644742131233214e-8
1.5184298157691956e-8
1.3417375087738036e-8
1.2407846003770828e-8
1.1472556740045548e-8
1.0886792838573456e-8
1.0457205027341843e-8
9.840253740549087e-9
9.304902702569961e-9
8.890488743782044e-9
8.6855910718441e-9
8.579820394515991e-9
8.399613946676254e-9
8.052649348974227e-9
7.522790879011154e-9
6.8490535020828246e-9
6.2116444110870355e-9
5.79284243285656e-9
5.435482040047645e-9
5.378830805420876e-9
5.9938684105873105e-9
6.93691223859787e-9
7.538288831710815e-9
8.087896555662154e-9
8.472850918769836e-9
8.35581049323082e-9
8.229662477970122e-9
8.330652862787246e-9
8.55780616402626e-9
8.73207077383995e-9
8.73756930232048e-9
9.017323702573775e-9
9.578678011894226e-9
9.803218394517899e-9
9.66258868575096e-9
9.24091637134552e-9
8.621567487716674e-9
8.071587979793548e-9
7.84824565052986e-9
8.032085746526717e-9
8.334410190582275e-9
8.45600888133049e-9
8.557161688804625e-9
8.878181874752044e-9
9.660378843545913e-9
1.1000027507543563e-8
1.3262680172920226e-8
1.7001163959503173e-8
2.0817498862743377e-8
2.4187269806861877e-8
2.831984460353851e-8
3.3266550302505494e-8
3.9277777075767515e-8
4.512750506401062e-8
5.048761367797851e-8
5.6020802259445185e-8
6.129726767539977e-8
6.524949073791503e-8
6.918300986289978e-8
7.19907820224762e-8
7.320252060890197e-8
7.312252521514892e-8
7.075988054275512e-8
6.635710597038269e-8
6.149331331253052e-8
5.5310148000717163e-8
4.810052514076233e-8
4.307732284069061e-8
4.0499022603034973e-8
3.9118283987045284e-8
3.9117434620857235e-8
4.056807160377502e-8
4.399241805076599e-8
4.5212745666503906e-8
4.5707994699478146e-8
5.08772075176239e-8
5.836609005928039e-8
6.263389587402343e-8
6.341770887374878e-8
6.290618181228637e-8
1.045143511146307e-9
2.5474116206169127e-9
3.6048896610736847e-9
4.68401238322258e-9
6.020306050777435e-9
8.037783205509186e-9
1.1349768936634064e-8
1.6413608193397522e-8
2.1811546385288237e-8
2.5484928488731383e-8
2.77355283498764e-8
2.7481770515441893e-8
2.3953427374362943e-8
2.3348499834537506e-8
2.844227850437164e-8
3.4372442960739133e-8
3.622147440910339e-8
3.434191048145294e-8
2.9372754693031308e-8
2.4708637595176697e-8
2.094316482543945e-8
1.801317185163498e-8
1.56157985329628e-8
1.3842737674713134e-8
1.2785615026950836e-8
1.1731576919555664e-8
1.0972601175308227e-8
1.0425522178411483e-8
9.76690724492073e-9
9.213330596685409e-9
8.822547644376755e-9
8.643380552530289e-9
8.546111732721328e-9
8.364742994308471e-9
7.999877631664277e-9
7.432487607002258e-9
6.734417378902435e-9
6.093015521764755e-9
5.67663237452507e-9
5.326417461037636e-9
5.2991475909948345e-9
5.9660367667675015e-9
6.962127983570099e-9
7.600440084934233e-9
8.152520656585693e-9
8.521514385938643e-9
8.396311104297638e-9
8.262459188699722e-9
8.328198641538619e-9
8.527375757694244e-9
8.715073764324188e-9
8.74960422515869e-9
9.075141698122024e-9
9.659071266651153e-9
9.876245260238646e-9
9.692780673503875e-9
9.229400753974915e-9
8.618174493312835e-9
8.080276846885682e-9
7.861309498548508e-9
8.038411289453506e-9
8.350443840026856e-9
8.517530560493468e-9
8.650802075862884e-9
9.014293551445007e-9
9.880130738019942e-9
1.1345288902521133e-8
1.379643976688385e-8
1.7690734565258025e-8
2.157461941242218e-8
2.5066879391670225e-8
2.925766408443451e-8
3.4132692217826844e-8
3.998996317386627e-8
4.556008577346801e-8
5.04203200340271e-8
5.544660687446594e-8
6.053913235664367e-8
6.456307768821716e-8
6.862595677375793e-8
7.152034044265747e-8
7.256968021392821e-8
7.220308184623718e-8
6.964117884635924e-8
6.531627774238586e-8
6.066492199897766e-8
5.4692876338958735e-8
4.756814539432525e-8
4.239904582500458e-8
3.957554697990417e-8
3.8022506237030024e-8
3.7975114583969115e-8
3.955633342266083e-8
4.325923025608062e-8
4.493030309677124e-8
4.585111141204834e-8
5.133021473884582e-8
5.9012979269027706e-8
6.316730976104736e-8
6.377214789390563e-8
6.321223974227905e-8
9.960321709513663e-10
2.520217932760715e-9
3.6639925092458724e-9
4.744017124176025e-9
6.162334233522415e-9
8.30431580543518e-9
1.177813485264778e-8
1.6819998621940612e-8
2.1463364362716672e-8
2.4901051819324493e-8
2.6817137002944943e-8
2.7308887243270874e-8
2.439843267202377e-8
2.3536866903305053e-8
2.863580584526062e-8
3.476034104824066e-8
3.589857220649719e-8
3.296741247177124e-8
2.8661879897117615e-8
2.48457208275795e-8
2.1406088769435883e-8
1.867450773715973e-8
1.6129083931446075e-8
1.4188852906227112e-8
1.3189123570919036e-8
1.2059428542852401e-8
1.0831394791603087e-8
1.0081205517053604e-8
9.535365551710129e-9
9.049402177333831e-9
8.812954276800156e-9
8.700860291719435e-9
8.549213409423828e-9
8.34665521979332e-9
7.960899919271469e-9
7.292515784502029e-9
6.566599011421203e-9
5.988560989499092e-9
5.633624270558357e-9
5.269649624824523e-9
5.265361815690994e-9
6.016518175601959e-9
7.02587217092514e-9
7.639949023723602e-9
8.127202093601226e-9
8.481653034687041e-9
8.454370498657226e-9
8.368728309869767e-9
8.26915204524994e-9
8.389916270971298e-9
8.733053505420685e-9
8.868442475795745e-9
9.27068367600441e-9
9.813452512025833e-9
9.993483871221542e-9
9.694357216358185e-9
9.122456610202789e-9
8.631976693868636e-9
8.15463736653328e-9
7.911955565214158e-9
7.990210503339767e-9
8.297406882047653e-9
8.657126128673552e-9
8.837246149778365e-9
9.245966374874114e-9
1.0260386765003204e-8
1.1848176270723343e-8
1.4535719156265259e-8
1.830173283815384e-8
2.202506363391876e-8
2.624707818031311e-8
3.05256724357605e-8
3.457609117031097e-8
3.9914214611053464e-8
4.573796987533569e-8
5.048912763595581e-8
5.505006909370422e-8
6.025694608688354e-8
6.42612099647522e-8
6.795249581336975e-8
7.085264921188355e-8
7.187487483024596e-8
7.117673158645629e-8
6.82960331439972e-8
6.398942470550537e-8
5.9358495473861694e-8
5.387250185012817e-8
4.7484418749809266e-8
4.2135196924209596e-8
3.877344727516174e-8
3.7041130661964417e-8
3.7096980214118956e-8
3.895105421543121e-8
4.285212457180023e-8
4.493030309677124e-8
4.630366563796997e-8
5.1861071586608886e-8
5.986977219581603e-8
6.354730129241944e-8
6.362215280532836e-8
6.335771083831786e-8
9.642539545893669e-10
2.515677362680435e-9
3.699131309986114e-9
4.832562059164047e-9
6.320911645889282e-9
8.575091511011124e-9
1.2128092348575592e-8
1.6992723941802977e-8
2.1253736317157744e-8
2.4335736036300658e-8
2.6234814524650573e-8
2.7119848132133482e-8
2.4574895203113554e-8
2.3755051195621488e-8
2.8855469822883604e-8
3.488277196884155e-8
3.546715676784515e-8
3.2105609774589535e-8
2.809138596057892e-8
2.48544842004776e-8
2.1824800968170164e-8
1.9234386086463928e-8
1.663314402103424e-8
1.4607675373554228e-8
1.355653703212738e-8
1.221286579966545e-8
1.072356030344963e-8
9.844326972961425e-9
9.311757236719131e-9
8.93254578113556e-9
8.788104355335236e-9
8.717318624258041e-9
8.556856960058212e-9
8.324471116065979e-9
7.8848198056221e-9
7.1681141853332515e-9
6.43511563539505e-9
5.89429959654808e-9
5.568565055727958e-9
5.227005854249001e-9
5.256742984056473e-9
6.045543402433395e-9
7.076773047447204e-9
7.663582265377044e-9
8.117219060659409e-9
8.482212573289871e-9
8.500367403030396e-9
8.399204164743423e-9
8.230537921190262e-9
8.334456384181976e-9
8.743129670619965e-9
8.983490616083145e-9
9.428054094314575e-9
9.966790676116944e-9
1.0078397393226624e-8
9.686527401208877e-9
9.094296395778656e-9
8.638634532690049e-9
8.201778680086135e-9
7.928760349750519e-9
7.968936115503311e-9
8.322393894195556e-9
8.765678852796554e-9
9.0310201048851e-9
9.525171667337418e-9
1.0651853680610656e-8
1.2400466948747635e-8
1.5158608555793762e-8
1.8901434540748594e-8
2.278011292219162e-8
2.7281463146209715e-8
3.1458303332328794e-8
3.501490950584411e-8
4.004299640655518e-8
4.584275484085083e-8
5.044106841087341e-8
5.476770401000976e-8
5.99649429321289e-8
6.387248635292053e-8
6.733681559562683e-8
7.018660306930542e-8
7.109600305557251e-8
7.013673782348633e-8
6.704024076461792e-8
6.273383498191833e-8
5.8214467763900754e-8
5.3129643201828e-8
4.715368747711181e-8
4.1743621230125426e-8
3.808859884738922e-8
3.6200609803199765e-8
3.6300900578498836e-8
3.83376657962799e-8
4.2463731765747066e-8
4.4896489381790156e-8
4.662459194660186e-8
5.237013697624206e-8
6.056361198425292e-8
6.3937509059906e-8
6.36681616306305e-8
6.34750485420227e-8
9.457796812057494e-10
2.5161044672131535e-9
3.7438154220581055e-9
4.930122941732406e-9
6.493068486452103e-9
8.826044946908951e-9
1.2382537871599196e-8
1.7092654109001158e-8
2.105192393064499e-8
2.3889781534671784e-8
2.579842209815979e-8
2.6932352781295775e-8
2.4652251601219177e-8
2.392841577529907e-8
2.902325391769409e-8
3.486782908439636e-8
3.506055772304535e-8
3.1482377648353575e-8
2.7658379077911375e-8
2.48355895280838e-8
2.216576188802719e-8
1.974041163921356e-8
1.7130059003829956e-8
1.5032660961151123e-8
1.3860684633255004e-8
1.2313778698444365e-8
1.0629019141197204e-8
9.653155505657196e-9
9.134531021118164e-9
8.827665448188782e-9
8.754640072584151e-9
8.717888593673706e-9
8.553553372621536e-9
8.287221938371658e-9
7.80206248164177e-9
7.054060697555542e-9
6.32304847240448e-9
5.804046243429183e-9
5.504777282476425e-9
5.192438885569572e-9
5.252557992935181e-9
6.0700219124555586e-9
7.111541181802749e-9
7.683436572551727e-9
8.121614903211593e-9
8.496361970901488e-9
8.526922017335892e-9
8.40839147567749e-9
8.206865936517715e-9
8.309686183929443e-9
8.772200345993042e-9
9.082290530204773e-9
9.57038328051567e-9
1.0097228735685349e-8
1.0148585587739943e-8
9.697148203849791e-9
9.086786210536956e-9
8.652392774820327e-9
8.225474506616593e-9
7.938530296087265e-9
7.977229356765747e-9
8.368980884552001e-9
8.887868374586104e-9
9.238507598638535e-9
9.826505184173583e-9
1.1076769977807998e-8
1.293177306652069e-8
1.5750321745872496e-8
1.9571967422962187e-8
2.3595210909843443e-8
2.82090425491333e-8
3.2231459021568294e-8
3.5447245836257935e-8
4.023399949073791e-8
4.5912045240402217e-8
5.035669207572937e-8
5.452833771705627e-8
5.965626239776612e-8
6.344720125198363e-8
6.674665808677672e-8
6.950606107711791e-8
7.027008533477783e-8
6.910029053688049e-8
6.58542275428772e-8
6.15582525730133e-8
5.717977285385132e-8
5.240353941917419e-8
4.669206738471985e-8
4.127676486968994e-8
3.7461030483245846e-8
3.546238243579864e-8
3.5578355193138123e-8
3.7746584415435786e-8
4.2080125212669373e-8
4.482533037662506e-8
4.686093926429748e-8
5.2821195125579834e-8
6.11518919467926e-8
6.433391571044921e-8
6.382305622100829e-8
6.360523104667663e-8
9.356157854199408e-10
2.5263387709856034e-9
3.796404600143433e-9
5.037854611873626e-9
6.664946675300598e-9
9.043098986148835e-9
1.2575119733810424e-8
1.714150607585907e-8
2.08675742149353e-8
2.3533211648464202e-8
2.5451576709747312e-8
2.6754915714263914e-8
2.4678952991962432e-8
2.4047166109085082e-8
2.9123955965042112e-8
3.4784302115440366e-8
3.4698113799095154e-8
3.1003248691558835e-8
2.7328616380691526e-8
2.4819210171699524e-8
2.245500236749649e-8
2.02022448182106e-8
1.7609763145446778e-8
1.5432693064212798e-8
1.41231432557106e-8
1.2387038767337799e-8
1.0545101761817932e-8
9.498149156570433e-9
8.988179266452789e-9
8.734969794750213e-9
8.715411275625228e-9
8.706623315811158e-9
8.536498248577117e-9
8.239497244358063e-9
7.717493176460265e-9
6.949508190155029e-9
6.22137039899826e-9
5.720623210072517e-9
5.445712432265281e-9
5.162480473518371e-9
5.2503071725368495e-9
6.088817864656448e-9
7.138095796108246e-9
7.702312618494033e-9
8.134298026561737e-9
8.512280881404876e-9
8.543260395526886e-9
8.41052383184433e-9
8.193247765302657e-9
8.305786550045013e-9
8.810999989509582e-9
9.175552427768706e-9
9.694955497980117e-9
1.0210073739290237e-8
1.021437644958496e-8
9.717941284179687e-9
9.093353152275086e-9
8.664716780185698e-9
8.240911364555358e-9
7.951722294092178e-9
8.001790195703507e-9
8.435814082622527e-9
9.026277065277099e-9
9.463241696357726e-9
1.0151433944702148e-8
1.151093766093254e-8
1.3453792035579681e-8
1.6351327300071715e-8
2.0280231535434723e-8
2.44096040725708e-8
2.9054129123687743e-8
3.291614651679992e-8
3.586291968822479e-8
4.04371052980423e-8
4.596319496631622e-8
5.026042461395263e-8
5.430256724357605e-8
5.933331251144409e-8
6.30044937133789e-8
6.616398692131042e-8
6.880855560302734e-8
6.941928267478943e-8
6.80771291255951e-8
6.47275149822235e-8
6.045649647712708e-8
5.621809959411621e-8
5.167765021324157e-8
4.6156057715415953e-8
4.076535701751709e-8
3.686624765396118e-8
3.479722440242767e-8
3.491974472999573e-8
3.718731105327606e-8
4.169996678829193e-8
4.4720941781997676e-8
4.703297019004822e-8
5.320852398872375e-8
6.166453957557678e-8
6.472907662391663e-8
6.404123306274413e-8
6.376366615295409e-8
9.22630075365305e-10
2.541470155119896e-9
3.855641186237335e-9
5.088040232658386e-9
6.720114499330521e-9
9.242226183414458e-9
1.3035114109516143e-8
1.7178651690483093e-8
2.0406574010849e-8
2.3305353522300718e-8
2.527087032794952e-8
2.660045027732849e-8
2.4914364516735074e-8
2.4487723410129546e-8
2.9458311200141906e-8
3.4373900294303896e-8
3.370028734207153e-8
3.027157783508301e-8
2.71500825881958e-8
2.498192936182022e-8
2.3044560849666595e-8
2.04530268907547e-8
1.7919409275054932e-8
1.6233301162719725e-8
1.4186443388462066e-8
1.2024183571338653e-8
1.044233590364456e-8
9.412461519241333e-9
8.875083178281784e-9
8.721168339252471e-9
8.752011507749557e-9
8.740866184234618e-9
8.578152954578399e-9
8.209624886512756e-9
7.586634159088135e-9
6.797890365123748e-9
6.113206967711449e-9
5.659474059939384e-9
5.413042008876801e-9
5.243314802646637e-9
5.363199487328529e-9
6.053053587675094e-9
7.022068649530411e-9
7.736492902040481e-9
8.137471973896026e-9
8.449141681194306e-9
8.533797413110732e-9
8.421827852725982e-9
8.238991349935531e-9
8.359957486391067e-9
8.861225843429565e-9
9.175460785627365e-9
9.753417968749999e-9
1.0228210687637329e-8
1.0159815847873687e-8
9.704791009426116e-9
9.064941108226776e-9
8.76898318529129e-9
8.369120955467224e-9
8.020153641700745e-9
8.060407638549804e-9
8.460955321788787e-9
9.10130888223648e-9
9.69705656170845e-9
1.0530096292495726e-8
1.1972199380397797e-8
1.4060978591442108e-8
1.7040778696537016e-8
2.0909468829631806e-8
2.5145339965820312e-8
2.9550567269325255e-8
3.3397242426872255e-8
3.669201135635376e-8
4.088673889636993e-8
4.6088361740112304e-8
5.027318000793457e-8
5.415195226669311e-8
5.9021735191345215e-8
6.235150098800659e-8
6.541976928710937e-8
6.814294457435607e-8
6.841062903404235e-8
6.666494607925414e-8
6.353317499160767e-8
5.9552514553070065e-8
5.558388829231262e-8
5.116363167762756e-8
4.582216739654541e-8
4.072708189487457e-8
3.677925169467926e-8
3.449417650699615e-8
3.441333174705505e-8
3.675283491611481e-8
4.121894240379333e-8
4.4731697440147396e-8
4.7861820459365844e-8
5.390636920928955e-8
6.155377626419067e-8
6.387670040130615e-8
6.354145407676696e-8
6.383257508277892e-8
9.124354459345341e-10
2.560729533433914e-9
3.89663465321064e-9
5.1040630787611005e-9
6.754607707262039e-9
9.473341703414917e-9
1.3474443554878233e-8
1.7184463143348692e-8
2.000049203634262e-8
2.3083600401878357e-8
2.5153753161430357e-8
2.6563459634780882e-8
2.524820566177368e-8
2.5012725591659543e-8
2.9751956462860105e-8
3.3804130554199216e-8
3.257130682468414e-8
2.9473930597305298e-8
2.6982942223548888e-8
2.5259146094322202e-8
2.3615948855876922e-8
2.0715461671352387e-8
1.8293270468711853e-8
1.690695881843567e-8
1.415332406759262e-8
1.1638379096984862e-8
1.026206761598587e-8
9.340162575244903e-9
8.814478665590287e-9
8.741933107376099e-9
8.821003139019012e-9
8.811340481042861e-9
8.630789816379546e-9
8.171380311250687e-9
7.4460007250308985e-9
6.640179455280304e-9
6.006099656224251e-9
5.607848241925239e-9
5.429984629154205e-9
5.369254574179649e-9
5.4758828133344645e-9
5.999027192592621e-9
6.902746111154556e-9
7.724078744649886e-9
8.117557317018508e-9
8.378412574529648e-9
8.504369109869002e-9
8.44556912779808e-9
8.30758586525917e-9
8.436004817485809e-9
8.897516131401062e-9
9.157269448041916e-9
9.748928993940353e-9
1.0182495415210724e-8
1.0071154683828354e-8
9.650800377130508e-9
9.063354134559631e-9
8.899632841348647e-9
8.537963777780533e-9
8.130896091461182e-9
8.122528344392776e-9
8.480559289455413e-9
9.174921363592147e-9
9.936414659023284e-9
1.0924533009529113e-8
1.2479951232671738e-8
1.4709962904453276e-8
1.7728893458843232e-8
2.152847200632095e-8
2.574544847011566e-8
2.9933395981788634e-8
3.390052914619446e-8
3.7580218911170957e-8
4.1432750225067134e-8
4.630192518234253e-8
5.033640265464783e-8
5.402157306671142e-8
5.867313742637634e-8
6.163111329078675e-8
6.461851596832275e-8
6.740698814392089e-8
6.729211807250976e-8
6.517605185508728e-8
6.234882473945617e-8
5.874712467193603e-8
5.508970618247985e-8
5.0796949863433836e-8
4.5661383867263794e-8
4.0892669558525086e-8
3.6920660734176634e-8
3.4383162856101986e-8
3.405868113040924e-8
3.638433516025543e-8
4.081901907920837e-8
4.4881922006607055e-8
4.883172214031219e-8
5.4573649168014524e-8
6.112906336784363e-8
6.259217262268066e-8
6.267669796943664e-8
6.366201043128967e-8
9.097727946937084e-10
2.5782300159335137e-9
3.921549767255783e-9
5.134041234850883e-9
6.846790760755539e-9
9.698113054037094e-9
1.3709700107574462e-8
1.7187702655792236e-8
1.978565603494644e-8
2.28612020611763e-8
2.503887712955475e-8
2.6619550585746763e-8
2.5529727339744568e-8
2.5356557965278625e-8
2.983635663986206e-8
3.329548537731171e-8
3.173411786556244e-8
2.8833505511283873e-8
2.6787009835243225e-8
2.5481453537940977e-8
2.4011217057704926e-8
2.1103888750076294e-8
1.8739062547683715e-8
1.7244690656661985e-8
1.4159400761127471e-8
1.143711432814598e-8
1.0080761462450026e-8
9.246140718460083e-9
8.78211036324501e-9
8.758537471294403e-9
8.8766910135746e-9
8.873449265956878e-9
8.650725334882735e-9
8.114314824342728e-9
7.325821369886398e-9
6.510836631059646e-9
5.91101087629795e-9
5.570051446557045e-9
5.47088012099266e-9
5.458322912454605e-9
5.525150895118713e-9
5.969386547803879e-9
6.842856109142303e-9
7.677662372589111e-9
8.081345260143279e-9
8.337894827127456e-9
8.482798933982849e-9
8.46976488828659e-9
8.364429324865341e-9
8.494023978710173e-9
8.926180750131607e-9
9.159586578607559e-9
9.726355224847794e-9
1.0133526474237441e-8
1.0008386522531508e-8
9.607772529125214e-9
9.09486413002014e-9
9.007329493761063e-9
8.675025403499602e-9
8.238264173269272e-9
8.182758837938308e-9
8.534272015094757e-9
9.297742694616317e-9
1.0190694034099578e-8
1.1320707201957702e-8
1.3010995090007782e-8
1.533474177122116e-8
1.8376576900482176e-8
2.2153088450431824e-8
2.628585398197174e-8
3.041812777519226e-8
3.450124561786652e-8
3.826109170913696e-8
4.1914421319961547e-8
4.653832912445068e-8
5.03758430480957e-8
5.3858155012130734e-8
5.8277827501296996e-8
6.097395420074463e-8
6.385320425033569e-8
6.656675338745117e-8
6.617216467857361e-8
6.387732028961181e-8
6.125399470329284e-8
5.7948452234268186e-8
5.455935001373291e-8
5.0453722476959224e-8
4.5531356334686276e-8
4.095519185066223e-8
3.6975428462028503e-8
3.4270709753036496e-8
3.3785194158554076e-8
3.605837821960449e-8
4.05781090259552e-8
4.50627863407135e-8
4.9456578493118285e-8
5.4980856180191034e-8
6.078946590423584e-8
6.168400645256042e-8
6.192340850830078e-8
6.328845024108887e-8
9.110348299145698e-10
2.592184767127037e-9
3.946319594979286e-9
5.184002593159676e-9
6.95924162864685e-9
9.876181930303573e-9
1.3866224884986877e-8
1.7191332578659056e-8
1.9643203914165498e-8
2.2686003148555755e-8
2.495339661836624e-8
2.6698148250579834e-8
2.5755172967910766e-8
2.5566324591636658e-8
2.9806500673294065e-8
3.2844042778015134e-8
3.107694089412689e-8
2.8315669298171996e-8
2.6603049039840697e-8
2.5631669163703918e-8
2.4358348548412323e-8
2.1511924266815183e-8
1.9127233326435087e-8
1.7494530975818634e-8
1.4168356359004975e-8
1.1304551362991332e-8
9.935484826564788e-9
9.155938774347304e-9
8.752480149269103e-9
8.775930851697921e-9
8.923333138227462e-9
8.916407823562621e-9
8.650124818086623e-9
8.050967007875443e-9
7.218959927558899e-9
6.400575488805771e-9
5.832558870315552e-9
5.549000576138496e-9
5.508631840348243e-9
5.517412722110748e-9
5.553501471877098e-9
5.951669812202453e-9
6.798013299703598e-9
7.630979269742965e-9
8.040878176689147e-9
8.305870741605759e-9
8.472416549921035e-9
8.492227643728255e-9
8.411142975091933e-9
8.540012687444687e-9
8.953886479139328e-9
9.160726517438889e-9
9.70214083790779e-9
1.0087599605321884e-8
9.957817941904067e-9
9.587161242961884e-9
9.132619947195052e-9
9.104885905981063e-9
8.793716877698898e-9
8.335470408201217e-9
8.254078030586243e-9
8.616865426301955e-9
9.452521800994873e-9
1.0464637726545333e-8
1.1730049550533295e-8
1.3541898131370544e-8
1.5941831469535827e-8
1.9005244970321655e-8
2.2753441333770752e-8
2.683354616165161e-8
3.096002042293548e-8
3.51000964641571e-8
3.8847815990447995e-8
4.2342269420623776e-8
4.676042795181274e-8
5.039317011833191e-8
5.366766452789306e-8
5.7863175868988034e-8
6.035023927688598e-8
6.30964457988739e-8
6.56768262386322e-8
6.508008837699889e-8
6.270457506179809e-8
6.023226976394654e-8
5.716865658760071e-8
5.401949286460876e-8
5.011980533599853e-8
4.53938364982605e-8
4.095363914966583e-8
3.6971378326416013e-8
3.415744006633758e-8
3.3559626340866086e-8
3.579864799976349e-8
4.042805731296539e-8
4.5220321416854854e-8
4.986802041530609e-8
5.522222518920898e-8
6.050459146499634e-8
6.100207567214965e-8
6.125761866569519e-8
6.281156539916992e-8
9.12678986787796e-10
2.597440220415592e-9
3.962616994976997e-9
5.233566835522652e-9
7.070107012987137e-9
1.0043103992938995e-8
1.3994188606739044e-8
1.7146097123622895e-8
1.946010738611221e-8
2.236880511045456e-8
2.46481716632843e-8
2.6934120059013365e-8
2.6220381259918212e-8
2.5794190168380737e-8
2.9732722043991086e-8
3.234916031360626e-8
3.049143552780151e-8
2.7946221828460693e-8
2.6487010717391968e-8
2.5750434398651122e-8
2.4629817903041837e-8
2.1958595514297483e-8
1.955372840166092e-8
1.760668009519577e-8
1.4129038155078887e-8
1.122465655207634e-8
9.828661382198333e-9
9.082689136266708e-9
8.737730234861373e-9
8.80146101117134e-9
8.96308496594429e-9
8.937156945466994e-9
8.62351730465889e-9
7.972605526447296e-9
7.1138881146907806e-9
6.306247413158417e-9
5.776649340987206e-9
5.5427316576242445e-9
5.531814694404602e-9
5.54317757487297e-9
5.5709350854158395e-9
5.948728695511818e-9
6.769385933876037e-9
7.58676826953888e-9
8.002373576164246e-9
8.28176885843277e-9
8.468863368034362e-9
8.510597050189971e-9
8.453049510717391e-9
8.589047193527221e-9
8.986732363700867e-9
9.170268476009368e-9
9.688477218151093e-9
1.0047098994255066e-8
9.910749644041061e-9
9.577641636133193e-9
9.165512770414353e-9
9.181583672761917e-9
8.904861658811569e-9
8.432313054800034e-9
8.335790783166885e-9
8.726296573877334e-9
9.645858407020568e-9
1.0771086066961288e-8
1.215265542268753e-8
1.407562643289566e-8
1.6541431844234467e-8
1.961436718702316e-8
2.334287017583847e-8
2.7426782250404358e-8
3.1554827094078065e-8
3.566792011260986e-8
3.937896490097046e-8
4.273820221424102e-8
4.687331318855285e-8
5.0323617458343505e-8
5.3551727533340454e-8
5.75977087020874e-8
5.980566143989563e-8
6.230888962745666e-8
6.471253633499145e-8
6.401900053024292e-8
6.166531443595886e-8
5.9275841712951655e-8
5.637179613113403e-8
5.346086025238037e-8
4.9780094623565674e-8
4.520691335201263e-8
4.086798131465912e-8
3.694212734699249e-8
3.411702215671539e-8
3.346236646175385e-8
3.564037382602692e-8
4.028450548648834e-8
4.522611200809478e-8
5.000904202461242e-8
5.5292236804962156e-8
6.015062928199767e-8
6.042559146881103e-8
6.071818470954895e-8
6.230112314224243e-8
9.056875482201576e-10
2.5429263710975646e-9
3.882782906293869e-9
5.193107947707176e-9
7.180370390415191e-9
1.0342604666948318e-8
1.4175696671009063e-8
1.6765433549880982e-8
1.873946189880371e-8
2.0852790772914885e-8
2.2721262276172637e-8
2.8021338582038877e-8
2.8692460060119627e-8
2.6685401797294616e-8
2.980842888355255e-8
3.132626116275787e-8
2.965980768203735e-8
2.798745334148407e-8
2.6720073819160462e-8
2.588958740234375e-8
2.4627636373043058e-8
2.2797614336013794e-8
2.0482249557971953e-8
1.7108000814914702e-8
1.372600793838501e-8
1.1257308721542358e-8
9.803389757871627e-9
9.061264246702195e-9
8.810195326805114e-9
8.894891291856766e-9
9.01474580168724e-9
8.906634896993636e-9
8.50771814584732e-9
7.806594669818878e-9
6.960664689540863e-9
6.223171949386597e-9
5.769696831703186e-9
5.5783387273550035e-9
5.502963066101074e-9
5.463073402643204e-9
5.575213208794594e-9
6.022992357611656e-9
6.798920035362244e-9
7.54753053188324e-9
7.970713078975676e-9
8.276659995317459e-9
8.475657552480697e-9
8.508931845426559e-9
8.512508124113083e-9
8.70286151766777e-9
9.082064032554626e-9
9.246773272752762e-9
9.744905680418015e-9
1.0014662891626357e-8
9.813983738422393e-9
9.55727845430374e-9
9.134838730096816e-9
9.170793741941452e-9
9.038620442152023e-9
8.553403615951538e-9
8.42265710234642e-9
8.876009285449982e-9
9.947568923234938e-9
1.1178922653198242e-8
1.26109778881073e-8
1.4648640155792236e-8
1.7168542742729187e-8
2.020786106586456e-8
2.3938655853271483e-8
2.8243383765220642e-8
3.235483467578888e-8
3.614206314086914e-8
3.988019227981567e-8
4.3155685067176815e-8
4.6406781673431394e-8
4.982483386993408e-8
5.4071819782257077e-8
5.838464498519897e-8
5.967126488685608e-8
6.131055355072021e-8
6.337488889694214e-8
6.295387148857116e-8
6.097927689552307e-8
5.8387994766235346e-8
5.533178448677063e-8
5.2768725156784054e-8
4.9389031529426575e-8
4.47922945022583e-8
4.0504023432731624e-8
3.698903918266296e-8
3.458707630634308e-8
3.401239216327667e-8
3.579664528369904e-8
3.985087275505066e-8
4.440951943397522e-8
4.9173492193222043e-8
5.4841887950897215e-8
5.9124636650085444e-8
5.969591736793517e-8
6.060463190078736e-8
6.185222268104553e-8
8.937344886362553e-10
2.4953890591859814e-9
3.828096017241478e-9
5.1933847367763516e-9
7.295195758342742e-9
1.0533667355775833e-8
1.4210626482963561e-8
1.644327789545059e-8
1.795857846736908e-8
1.961713284254074e-8
2.1749219298362732e-8
2.8508034348487854e-8
3.026890158653259e-8
2.7671042084693908e-8
2.985576093196869e-8
3.069769740104675e-8
2.9083886742591857e-8
2.7850958704948424e-8
2.6845887303352354e-8
2.6026460528373718e-8
2.4933181703090667e-8
2.3431159555912016e-8
2.0875149965286255e-8
1.7016389966011046e-8
1.3483646512031554e-8
1.1160219460725783e-8
9.793026000261307e-9
9.07382071018219e-9
8.863576501607895e-9
8.965066820383071e-9
9.045570343732833e-9
8.865145593881607e-9
8.39586853981018e-9
7.660990953445433e-9
6.833972036838531e-9
6.15144707262516e-9
5.756410211324691e-9
5.576766282320022e-9
5.4747432470321656e-9
5.429926142096519e-9
5.578433722257614e-9
6.0586560517549516e-9
6.818596273660659e-9
7.532767951488495e-9
7.946648448705674e-9
8.26757624745369e-9
8.476343750953674e-9
8.531302213668823e-9
8.572068065404892e-9
8.793067187070846e-9
9.17670652270317e-9
9.320191293954848e-9
9.77603942155838e-9
9.985772520303725e-9
9.764263778924942e-9
9.512552618980407e-9
9.11566987633705e-9
9.206291288137436e-9
9.127695858478546e-9
8.665206283330917e-9
8.542796969413757e-9
9.063592553138733e-9
1.0249707847833633e-8
1.1582686752080917e-8
1.3100887835025787e-8
1.5214906632900236e-8
1.7771318554878234e-8
2.081257253885269e-8
2.460920512676239e-8
2.9001489281654356e-8
3.3046647906303404e-8
3.66828978061676e-8
4.032731652259827e-8
4.3321189284324647e-8
4.614923000335693e-8
4.9668022990226744e-8
5.443114638328552e-8
5.8781492710113526e-8
5.943261384963989e-8
6.044914126396179e-8
6.223515272140503e-8
6.195078492164611e-8
6.016796231269837e-8
5.750631690025329e-8
5.444419384002685e-8
5.209822654724121e-8
4.892080426216125e-8
4.440450072288513e-8
4.026331305503845e-8
3.7060040235519405e-8
3.4943234920501706e-8
3.438567817211151e-8
3.587115705013275e-8
3.94899845123291e-8
4.37345951795578e-8
4.8440515995025635e-8
5.421845316886901e-8
5.8257865905761717e-8
5.90447723865509e-8
6.02952480316162e-8
6.143692731857299e-8
8.799690753221511e-10
2.456959895789623e-9
3.797554597258568e-9
5.215182155370712e-9
7.39092230796814e-9
1.0643526911735535e-8
1.4173795282840728e-8
1.6091737151145934e-8
1.7240506410598755e-8
1.8683844804763793e-8
2.113085389137268e-8
2.879979908466339e-8
3.134734928607941e-8
2.8463497757911682e-8
2.9979237914085385e-8
3.03063690662384e-8
2.866404950618744e-8
2.7678725123405455e-8
2.6895934343338013e-8
2.621006369590759e-8
2.529286444187164e-8
2.38968089222908e-8
2.116042524576187e-8
1.6996528208255767e-8
1.3346420228481292e-8
1.1064192652702331e-8
9.768498688936233e-9
9.094408154487609e-9
8.910614252090454e-9
9.014549106359482e-9
9.058811515569686e-9
8.815840631723404e-9
8.290296792984008e-9
7.533378154039382e-9
6.725642830133437e-9
6.088082492351532e-9
5.730724707245827e-9
5.561542883515358e-9
5.452848225831985e-9
5.411995574831962e-9
5.5818438529968255e-9
6.07796236872673e-9
6.8312630057334895e-9
7.525794208049774e-9
7.931099086999892e-9
8.257678896188736e-9
8.481821417808532e-9
8.560165017843247e-9
8.630664646625518e-9
8.874863386154174e-9
9.262955188751221e-9
9.383690357208252e-9
9.798753261566161e-9
9.967292845249175e-9
9.723652899265288e-9
9.476616978645325e-9
9.109647572040558e-9
9.24558937549591e-9
9.211437404155732e-9
8.774162828922271e-9
8.685101568698882e-9
9.273327887058258e-9
1.0561572015285492e-8
1.1996950209140776e-8
1.3598407804965972e-8
1.5778298676013944e-8
1.8368604779243468e-8
2.1439526975154876e-8
2.5291210412979124e-8
2.971658408641815e-8
3.369879424571991e-8
3.721270263195038e-8
4.069366455078125e-8
4.3422278761863704e-8
4.603814780712127e-8
4.9655500054359435e-8
5.466533899307251e-8
5.89417815208435e-8
5.912159085273742e-8
5.96742033958435e-8
6.122781038284302e-8
6.099051833152771e-8
5.9308332204818725e-8
5.664718747138977e-8
5.3638786077499385e-8
5.144711136817932e-8
4.843146502971649e-8
4.404738545417785e-8
4.0086597204208375e-8
3.713273704051971e-8
3.520850241184234e-8
3.46379816532135e-8
3.588884174823761e-8
3.91735702753067e-8
4.3157672882080077e-8
4.776861667633056e-8
5.354005694389343e-8
5.748196244239807e-8
5.8425933122634884e-8
5.988672971725463e-8
6.10200583934784e-8
8.665014989674091e-10
2.4290723726153372e-9
3.78476195037365e-9
5.244480818510055e-9
7.461874186992645e-9
1.0696657747030259e-8
1.4077156782150268e-8
1.5729403495788575e-8
1.6616639494895933e-8
1.7968508601188658e-8
2.069275081157684e-8
2.8992071747779845e-8
3.211222887039184e-8
2.907671332359314e-8
3.013983964920044e-8
3.007240891456604e-8
2.8357160091400144e-8
2.751508355140686e-8
2.692219018936157e-8
2.640550136566162e-8
2.563362419605255e-8
2.4275574088096616e-8
2.1388608217239378e-8
1.701388359069824e-8
1.3261879980564117e-8
1.0989479720592498e-8
9.742910414934158e-9
9.111751616001128e-9
8.94983857870102e-9
9.048668295145034e-9
9.057503938674927e-9
8.761561661958693e-9
8.191662281751633e-9
7.420431822538375e-9
6.6312223672866815e-9
6.027793139219284e-9
5.698378011584282e-9
5.540694668889046e-9
5.434552580118179e-9
5.400882288813591e-9
5.584212020039558e-9
6.0895621776580805e-9
6.839148700237274e-9
7.522133737802505e-9
7.920542359352111e-9
8.251713216304778e-9
8.490985631942749e-9
8.592332899570465e-9
8.687933534383774e-9
8.950556069612502e-9
9.340292215347289e-9
9.438534080982208e-9
9.819202870130538e-9
9.953333437442779e-9
9.692217409610748e-9
9.450995177030562e-9
9.1119185090065e-9
9.288212656974793e-9
9.293708950281143e-9
8.888985961675643e-9
8.842205256223678e-9
9.5002181828022e-9
1.0887039452791214e-8
1.2420586496591567e-8
1.4100506901741027e-8
1.6341079771518705e-8
1.8970923125743864e-8
2.2076663374900817e-8
2.596755027770996e-8
3.040255904197693e-8
3.431957960128784e-8
3.7705108523368834e-8
4.100575149059295e-8
4.352147281169891e-8
4.601874053478241e-8
4.969640374183655e-8
5.480140447616577e-8
5.894926786422729e-8
5.876109004020691e-8
5.8955997228622436e-8
6.030992269515991e-8
6.006656289100647e-8
5.8440083265304565e-8
5.581440329551696e-8
5.288326144218444e-8
5.081642866134643e-8
4.794642031192779e-8
4.371762573719024e-8
3.9942866563796994e-8
3.7192794680595395e-8
3.5401976108551025e-8
3.480374217033386e-8
3.5865339636802675e-8
3.888513147830963e-8
4.264743328094482e-8
4.714242219924926e-8
5.2858394384384156e-8
5.676108598709106e-8
5.7821702957153316e-8
5.942512154579162e-8
6.058786511421203e-8
8.469701744616031e-10
2.3995511233806608e-9
3.801272064447403e-9
5.3357042372226716e-9
7.538805902004242e-9
1.0732492804527282e-8
1.3738347589969635e-8
1.516338288784027e-8
1.603097766637802e-8
1.710631400346756e-8
1.9977375864982606e-8
2.9370397329330442e-8
3.296490013599396e-8
2.958747148513794e-8
3.03918719291687e-8
2.994512319564819e-8
2.8305137157440183e-8
2.7667194604873657e-8
2.704896330833435e-8
2.6687559485435484e-8
2.6084089279174802e-8
2.461349666118622e-8
2.136024683713913e-8
1.683635264635086e-8
1.3184267282485961e-8
1.0938668996095656e-8
9.738294035196304e-9
9.165553748607635e-9
9.025616943836211e-9
9.076996147632598e-9
9.011539816856385e-9
8.655118942260742e-9
8.07180404663086e-9
7.31348693370819e-9
6.52969479560852e-9
5.955580994486808e-9
5.663841217756271e-9
5.549348145723343e-9
5.434615537524223e-9
5.391658842563629e-9
5.585264414548874e-9
6.132977083325386e-9
6.918802112340927e-9
7.503028959035872e-9
7.936026155948638e-9
8.264072984457015e-9
8.459003269672393e-9
8.611926436424256e-9
8.726429939270019e-9
9.057126939296723e-9
9.42493975162506e-9
9.404541552066803e-9
9.872530400753022e-9
9.9933460354805e-9
9.593067318201064e-9
9.508401155471801e-9
9.235424548387527e-9
9.406833350658416e-9
9.338459372520446e-9
8.935599774122238e-9
9.035740792751311e-9
9.760472923517227e-9
1.1293821781873703e-8
1.2962403893470764e-8
1.4577820897102356e-8
1.6822299361228942e-8
1.9552081823348997e-8
2.2752434015274046e-8
2.6789629459381104e-8
3.1614106893539425e-8
3.53473961353302e-8
3.8164827227592465e-8
4.114643931388855e-8
4.354686141014099e-8
4.6044179797172544e-8
4.939649403095245e-8
5.4251563549041745e-8
5.84708034992218e-8
5.829551815986633e-8
5.8455973863601685e-8
5.981047749519347e-8
5.943590998649597e-8
5.768747329711914e-8
5.49465537071228e-8
5.218326449394226e-8
5.023164749145507e-8
4.729301035404205e-8
4.3277511000633235e-8
3.985466957092285e-8
3.725545704364776e-8
3.547066152095795e-8
3.483761250972747e-8
3.5808971524238585e-8
3.8352757692337035e-8
4.191728830337524e-8
4.685910940170288e-8
5.232415199279785e-8
5.578677058219909e-8
5.724466443061828e-8
5.9228855371475217e-8
6.03256344795227e-8
8.270756341516971e-10
2.3814788088202475e-9
3.841026127338409e-9
5.433639883995056e-9
7.616109400987624e-9
1.068015769124031e-8
1.332448124885559e-8
1.4552399516105652e-8
1.538504660129547e-8
1.6264674067497252e-8
1.9272993505001067e-8
2.9638409614562986e-8
3.374658226966858e-8
3.0097022652626037e-8
3.0676856637001034e-8
2.996101677417755e-8
2.8406691551208495e-8
2.7936792373657226e-8
2.7288395166397094e-8
2.703474164009094e-8
2.6534998416900635e-8
2.4864596128463745e-8
2.1236978471279143e-8
1.6614240407943726e-8
1.3080237805843353e-8
1.0903061926364898e-8
9.753797948360442e-9
9.235075861215591e-9
9.102985262870788e-9
9.09241884946823e-9
8.941736817359924e-9
8.530987799167633e-9
7.9444982111454e-9
7.202287018299102e-9
6.429851055145264e-9
5.882812291383743e-9
5.6356228888034815e-9
5.561117455363273e-9
5.443304777145386e-9
5.388636142015457e-9
5.598089471459388e-9
6.196857243776321e-9
6.998047977685928e-9
7.515445351600646e-9
7.953543215990066e-9
8.270128071308135e-9
8.432043343782425e-9
8.615359663963318e-9
8.772356808185576e-9
9.157033264636993e-9
9.482964128255844e-9
9.386502206325531e-9
9.916578233242035e-9
1.0015997290611266e-8
9.546905755996704e-9
9.592068940401077e-9
9.406404197216034e-9
9.542315453290939e-9
9.381775557994843e-9
8.995971083641052e-9
9.231259673833847e-9
1.0068362951278686e-8
1.1760734021663665e-8
1.3519608974456786e-8
1.5053671598434446e-8
1.7291726171970365e-8
2.0134153962135314e-8
2.348557561635971e-8
2.7804628014564514e-8
3.3017867803573605e-8
3.645716905593872e-8
3.861612379550934e-8
4.123115539550781e-8
4.353443384170532e-8
4.595412611961365e-8
4.8877203464508054e-8
5.342528820037842e-8
5.7762563228607173e-8
5.777739882469177e-8
5.8066892623901366e-8
5.948624014854431e-8
5.894428491592407e-8
5.7004153728485106e-8
5.4127055406570435e-8
5.1509243249893185e-8
4.9627974629402156e-8
4.661615788936615e-8
4.2826458811759944e-8
3.975272476673126e-8
3.728344738483429e-8
3.547296524047851e-8
3.479470312595367e-8
3.564391732215881e-8
3.775336742401123e-8
4.120588302612304e-8
4.6611201763153075e-8
5.180810689926147e-8
5.484407544136047e-8
5.6697404384613036e-8
5.9093415737152096e-8
6.015863418579101e-8
8.131518959999084e-10
2.381708659231663e-9
3.883068263530731e-9
5.502056330442429e-9
7.6514832675457e-9
1.055430993437767e-8
1.2961447238922118e-8
1.4013367891311645e-8
1.4737524092197417e-8
1.5590810775756835e-8
1.879577189683914e-8
2.9693058133125305e-8
3.429192304611206e-8
3.057366907596588e-8
3.096232414245605e-8
3.00905168056488e-8
2.8543052077293394e-8
2.8156632184982298e-8
2.756575047969818e-8
2.738245129585266e-8
2.689080238342285e-8
2.5040161609649657e-8
2.117522060871124e-8
1.6470015048980712e-8
1.297830045223236e-8
1.0870619863271713e-8
9.775607287883758e-9
9.291207045316696e-9
9.152650088071823e-9
9.090841561555862e-9
8.873861283063888e-9
8.421076089143753e-9
7.824900746345519e-9
7.091797888278961e-9
6.339199095964432e-9
5.821191146969795e-9
5.609922111034393e-9
5.559735745191574e-9
5.448408052325248e-9
5.395075678825378e-9
5.623900517821312e-9
6.249547749757766e-9
7.049537450075149e-9
7.549545168876648e-9
7.965896278619765e-9
8.268279582262038e-9
8.426322042942046e-9
8.625779300928116e-9
8.823888748884201e-9
9.2254638671875e-9
9.52656865119934e-9
9.412012249231337e-9
9.935768693685531e-9
1.0020682960748673e-8
9.569013118743897e-9
9.673364460468291e-9
9.53795239329338e-9
9.65399444103241e-9
9.460221230983733e-9
9.10700336098671e-9
9.435436129570008e-9
1.0403817147016525e-8
1.2226095795631408e-8
1.4032703638076782e-8
1.5547765791416168e-8
1.7810076475143433e-8
2.0754998922348022e-8
2.4289290606975555e-8
2.887963056564331e-8
3.42375099658966e-8
3.7382364273071286e-8
3.9066737890243526e-8
4.1362589597702025e-8
4.3505001068115235e-8
4.57363098859787e-8
4.8368263244628907e-8
5.272954106330871e-8
5.710710883140564e-8
5.7263803482055664e-8
5.7657396793365474e-8
5.908905863761902e-8
5.8419203758239744e-8
5.63343346118927e-8
5.339196920394897e-8
5.0841486454010005e-8
4.9000522494316096e-8
4.6032547950744625e-8
4.244009256362915e-8
3.9604896306991577e-8
3.7258583307266237e-8
3.545419871807098e-8
3.471359610557556e-8
3.539552688598633e-8
3.7260001897811885e-8
4.0656575560569764e-8
4.619866609573364e-8
5.1242840290069576e-8
5.4106688499450684e-8
5.6177395582199094e-8
5.883851051330566e-8
5.996392369270325e-8
8.051727898418903e-10
2.3908907547593115e-9
3.920606151223183e-9
5.547375604510307e-9
7.642210274934769e-9
1.0403443872928618e-8
1.2617361545562743e-8
1.3516953587532044e-8
1.4152155816555022e-8
1.50306761264801e-8
1.8417096138000487e-8
2.96698659658432e-8
3.466786742210388e-8
3.09758186340332e-8
3.126035928726196e-8
3.0276766419410705e-8
2.8709572553634644e-8
2.8375449776649474e-8
2.7846649289131165e-8
2.7710217237472533e-8
2.7185764908790586e-8
2.5183713436126707e-8
2.1146006882190702e-8
1.6368335485458374e-8
1.2897172570228575e-8
1.0842375457286834e-8
9.795275330543518e-9
9.33394730091095e-9
9.18302908539772e-9
9.076897799968719e-9
8.807450532913208e-9
8.31928700208664e-9
7.711976766586303e-9
6.987279653549194e-9
6.256012618541717e-9
5.766560882329941e-9
5.583357438445091e-9
5.55347166955471e-9
5.452069640159607e-9
5.408086627721786e-9
5.652802437543869e-9
6.2929585576057434e-9
7.0955619215965265e-9
7.581152021884918e-9
7.979936897754669e-9
8.269765973091125e-9
8.428134769201278e-9
8.646267652511597e-9
8.868686109781264e-9
9.279792010784148e-9
9.571316838264465e-9
9.439926594495773e-9
9.952499717473983e-9
1.0037171840667724e-8
9.608373045921326e-9
9.757781028747559e-9
9.647460281848908e-9
9.760787338018418e-9
9.564064443111419e-9
9.24718901515007e-9
9.665869921445845e-9
1.0750423371791839e-8
1.2681877613067627e-8
1.4537796378135681e-8
1.6057273745536805e-8
1.8365395069122315e-8
2.1426180005073546e-8
2.514488697052002e-8
2.992880344390869e-8
3.532896637916565e-8
3.819656670093536e-8
3.949445188045501e-8
4.150004088878631e-8
4.343844950199127e-8
4.5462551712989805e-8
4.788196980953216e-8
5.2112179994583127e-8
5.649625062942505e-8
5.675721168518066e-8
5.722333788871765e-8
5.864238142967224e-8
5.7872086763381957e-8
5.568294525146484e-8
5.2704244852066035e-8
5.018821358680725e-8
4.838791191577911e-8
4.550708532333374e-8
4.2087811231613154e-8
3.9434751868247985e-8
3.719510734081268e-8
3.540283143520355e-8
3.4591513872146604e-8
3.512679040431976e-8
3.6833667755126955e-8
4.0173849463462826e-8
4.5723715424537656e-8
5.0672245025634765e-8
5.347323417663574e-8
5.5679541826248164e-8
5.8521902561187744e-8
5.973011851310729e-8
